147
182
56
80
137
73
64
125
25
46
128
97
155
32
90
10
79
24
131
86
66
73
151
161
150
106
47
110
97
101
85
155
101
99
80
163
107
108
132
131
72
90
138
120
141
120
63
55
150
92
103
107
89
132
80
65
165
36
87
170
75
50
61
133
159
139
145
68
91
118
161
88
104
91
79
82
48
123
37
84
145
121
66
54
87
93
87
70
104
12
19
101
61
75
110
58
46
109
135
68
167
67
176
42
96
93
118
14
149
40
147
44
144
70
80
64
65
65
133
82
95
41
134
54
144
105
59
81
134
146
190
126
105
91
96
130
147
169
127
25
151
126
179
76
89
24
128
62
72
102
58
124
69
81
80
97
68
37
93
57
66
58
97
58
72
135
124
98
82
119
185
23
103
132
139
145
101
95
122
65
112
156
123
93
132
98
59
100
147
23
50
120
102
47
168
117
75
180
24
169
80
104
52
101
66
82
124
65
83
147
89
93
169
94
40
147
61
58
118
77
48
98
128
129
73
158
36
91
154
94
146
79
55
119
129
88
53
113
114
122
80
113
61
119
122
72
152
173
156
147
184
125
119
116
143
51
83
36
99
123
67
51
113
158
111
115
36
96
109
119
82
106
165
140
96
115
192
113
121
103
38
90
123
128
197
81
13
108
92
106
108
149
50
67
131
67
119
142
75
71
146
46
68
101
65
181
159
37
88
78
106
152
34
64
92
112
151
94
177
109
168
112
83
132
153
21
155
148
63
63
110
157
131
109
77
111
172
32
71
157
141
112
181
115
101
130
151
101
67
84
91
119
83
114
82
108
112
80
110
34
105
119
114
67
93
57
77
43
161
111
125
128
103
61
67
19
124
124
156
151
106
129
15
73
128
82
168
121
82
180
109
17
102
100
29
1
157
81
101
146
137
77
101
71
145
95
80
49
85
70
99
79
134
57
145
160
27
183
168
75
134
63
80
128
127
176
135
78
77
101
102
134
96
54
99
107
63
78
114
71
33
97
30
67
39
127
93
101
141
151
82
70
158
119
151
142
133
116
110
67
83
122
86
163
76
97
133
101
112
159
73
144
104
66
108
28
127
29
104
70
102
36
99
124
20
71
47
131
106
132
95
101
74
132
86
91
66
121
163
75
158
143
92
156
101
108
111
48
102
28
147
108
146
76
70
123
28
164
103
116
103
31
163
130
58
152
110
48
152
127
108
180
146
121
194
16
125
6
59
116
59
86
124
121
159
60
129
66
114
87
123
101
16
31
76
91
112
102
110
107
169
64
106
35
116
58
91
83
99
113
93
73
79
37
95
122
111
92
149
66
81
134
82
109
128
52
91
124
98
123
137
87
62
94
138
72
117
54
119
77
15
131
120
107
181
74
107
163
71
144
182
125
118
129
139
79
133
92
95
33
128
56
101
1
105
112
92
184
179
144
81
102
97
131
91
98
138
151
103
141
28
160
152
127
51
43
90
46
103
109
73
111
92
46
78
68
104
125
101
83
52
84
69
60
71
166
108
85
35
94
84
119
120
40
159
105
48
151
83
89
179
96
162
83
111
142
102
147
66
108
109
135
66
73
128
100
48
88
108
37
79
145
36
35
75
60
121
106
112
65
38
76
126
127
168
185
141
60
83
113
137
106
166
107
87
82
69
42
153
60
132
66
170
114
120
107
97
78
122
71
90
66
175
51
145
112
86
112
135
105
151
109
124
41
137
119
163
150
60
95
43
144
49
183
114
69
97
44
130
130
197
90
99
126
137
60
92
73
58
158
140
33
69
87
95
62
98
146
89
121
157
171
49
121
97
177
103
72
53
169
7
103
116
100
52
95
99
89
108
53
86
39
106
91
135
173
21
79
158
106
63
116
132
74
112
176
124
83
90
119
98
99
133
54
88
130
159
144
13
128
112
121
117
94
41
63
69
22
139
55
169
40
94
81
33
132
43
110
120
98
81
65
54
117
96
149
121
156
71
88
110
114
136
145
126
83
101
88
101
113
41
59
150
41
115
124
13
110
92
70
61
121
65
116
78
61
90
146
100
57
48
138
150
176
66
56
96
121
84
92
30
79
72
90
110
153
59
117
35
81
70
93
112
93
115
157
36
63
91
147
66
90
119
66
98
121
116
133
126
20
141
184
144
51
64
133
161
87
94
132
132
125
98
172
147
94
167
96
88
107
176
114
127
112
186
144
60
161
122
78
20
19
113
94
94
83
72
68
95
50
88
93
58
103
116
113
116
121
46
26
148
140
172
150
51
144
91
50
54
196
131
103
139
174
104
121
108
136
66
109
117
88
121
90
124
143
191
132
67
143
36
87
55
154
106
36
47
29
60
141
137
102
127
154
69
130
125
81
138
65
129
132
124
142
147
31
96
106
64
81
87
71
127
55
51
173
120
154
95
92
141
121
156
124
118
51
80
47
40
67
87
36
74
49
82
143
163
124
123
103
116
111
109
100
92
106
106
84
28
115
73
65
119
186
167
80
106
110
147
29
44
114
109
128
64
80
131
71
97
54
41
77
90
161
130
105
122
87
48
167
122
115
88
99
174
112
85
127
142
41
108
109
163
125
143
123
134
80
54
35
130
108
102
87
86
12
72
88
115
77
101
87
101
120
44
149
69
121
121
112
33
99
110
71
97
148
146
97
135
168
103
84
102
107
110
95
107
114
77
106
31
70
87
124
181
97
37
154
117
60
42
101
146
63
97
95
122
106
162
93
117
156
102
125
101
143
171
91
55
136
89
79
159
48
77
193
128
146
155
79
153
63
96
169
74
101
166
71
130
40
193
133
111
149
147
185
147
52
167
91
57
102
104
111
124
72
115
134
149
122
72
193
119
93
166
157
175
109
129
176
71
166
117
110
78
159
136
102
128
136
42
113
80
158
73
58
78
28
155
92
100
80
132
87
40
83
146
63
150
100
17
132
114
123
95
63
62
162
124
152
35
112
129
73
60
98
97
140
19
42
74
140
47
196
148
135
112
130
85
116
74
157
108
112
123
73
92
98
79
143
35
74
122
154
104
51
49
80
100
16
179
85
101
73
106
137
91
53
146
119
176
126
141
145
95
94
83
107
160
128
129
36
107
198
129
65
82
91
94
26
95
127
64
126
113
85
184
58
178
106
68
40
60
36
133
143
115
104
135
100
149
86
73
17
132
188
128
114
125
141
112
183
151
138
47
131
122
124
59
109
29
156
88
44
118
167
100
123
67
65
28
141
78
143
136
127
112
122
83
177
115
63
157
61
75
103
88
53
105
168
45
104
74
87
122
56
71
116
102
82
103
80
92
87
128
134
113
162
95
109
110
53
49
139
111
128
137
67
139
122
106
70
93
71
110
35
111
98
22
111
124
78
177
53
131
111
130
187
76
74
102
105
63
138
39
83
117
121
70
139
114
33
96
130
41
90
77
154
64
90
137
63
64
44
157
132
63
77
50
62
40
167
79
123
75
178
16
98
123
46
22
112
175
76
161
47
89
49
97
42
49
17
159
43
55
22
132
162
20
28
74
113
52
29
98
121
22
76
151
92
107
183
46
108
113
146
142
183
118
42
149
94
65
185
188
86
89
29
76
101
105
142
35
139
133
133
41
85
127
86
77
37
105
167
171
168
79
85
130
32
103
109
89
115
94
93
105
136
131
55
34
139
164
161
114
86
89
93
119
58
141
116
114
86
85
75
96
133
104
48
150
64
127
81
165
91
87
183
56
111
142
159
99
93
81
16
174
33
104
79
84
170
40
70
85
135
100
61
82
65
160
92
60
132
137
129
78
55
149
46
139
90
106
34
136
50
112
126
132
34
99
52
95
93
132
142
50
73
47
78
105
75
101
88
123
65
119
96
89
54
58
89
126
99
169
119
68
121
25
32
131
69
112
27
119
119
143
52
169
104
58
106
148
127
67
87
87
78
86
131
84
148
89
192
48
91
182
64
56
167
47
86
108
164
133
96
75
108
141
187
125
94
141
166
46
185
116
91
63
115
46
76
52
116
80
114
113
75
97
113
69
67
131
107
111
154
97
142
178
139
126
93
125
20
71
96
161
124
154
115
117
152
95
160
116
25
115
144
83
93
95
126
50
111
78
166
91
105
141
121
160
96
96
145
67
64
24
117
105
76
50
109
124
91
75
119
89
39
153
96
120
46
150
83
88
69
98
178
55
84
78
96
48
151
187
118
105
81
58
107
54
82
151
106
57
169
89
66
31
136
127
88
184
151
63
152
130
68
55
117
61
112
182
86
25
129
108
83
15
96
88
128
145
95
102
145
129
77
66
120
85
109
61
81
123
19
157
125
41
65
64
103
65
133
110
87
64
118
86
33
107
184
65
162
161
114
35
113
62
129
94
97
75
81
77
68
31
145
57
168
98
71
97
97
127
62
71
43
172
6
137
98
90
130
114
62
110
108
49
129
93
94
81
109
60
99
154
164
105
123
86
94
49
100
171
106
152
126
102
49
148
158
77
110
110
165
116
124
57
62
119
122
98
168
79
95
129
125
137
153
98
141
72
77
86
89
171
106
123
168
155
92
179
53
150
126
53
126
95
87
105
117
153
76
93
175
69
196
47
61
152
111
151
62
104
90
90
116
27
115
98
133
86
114
141
131
159
128
141
51
37
85
148
68
90
94
170
53
85
123
38
81
158
103
96
74
96
25
90
116
141
65
101
166
150
75
3
150
128
89
71
87
119
108
138
86
64
87
101
81
103
68
41
98
68
157
115
105
55
175
100
69
144
93
72
159
94
12
143
102
163
82
69
143
63
81
143
159
104
94
23
83
180
151
104
64
43
75
97
34
32
121
97
24
129
144
138
99
120
169
66
122
143
188
46
131
102
52
128
131
161
71
132
111
84
73
110
25
125
158
132
148
37
95
74
120
65
97
59
113
86
126
11
81
93
138
91
121
82
93
108
55
101
167
58
69
129
139
76
142
90
92
130
176
128
66
178
71
172
70
148
138
133
82
128
109
101
130
147
107
170
106
92
22
112
123
63
100
169
136
3
112
144
100
111
27
111
57
74
163
105
42
43
163
89
140
175
129
91
73
169
45
99
46
48
158
57
120
73
145
78
85
67
101
109
90
40
52
138
76
71
172
97
61
70
97
87
97
128
9
172
110
101
181
25
89
20
22
115
86
121
64
62
94
92
124
135
72
94
106
41
13
187
44
153
50
178
80
142
127
41
94
116
76
117
60
109
84
145
94
56
68
24
71
86
62
80
168
87
138
91
126
71
92
103
110
96
126
124
116
25
101
65
34
110
52
135
99
52
119
143
180
105
122
132
136
80
164
101
95
134
112
91
105
100
62
84
112
178
114
69
166
116
126
57
162
64
157
114
130
84
88
31
121
132
149
82
148
140
113
123
51
111
108
101
37
60
116
124
64
36
122
126
45
174
60
97
82
51
132
93
101
58
110
119
35
86
103
90
75
105
57
113
42
95
79
73
72
162
145
88
98
101
150
181
119
25
120
47
65
134
128
55
170
80
60
25
72
191
117
144
52
177
70
32
62
110
137
156
79
120
100
94
69
57
117
154
135
141
84
71
103
135
43
180
155
125
107
89
100
94
79
119
73
82
130
102
99
5
90
62
80
96
103
60
96
119
99
86
94
128
19
88
63
93
75
94
73
105
107
78
119
176
131
190
126
45
179
62
125
126
74
153
41
123
122
48
27
157
81
113
60
151
123
144
133
146
189
53
19
109
174
147
77
122
112
95
124
109
157
93
19
94
33
169
19
25
131
90
173
130
43
188
68
147
11
45
109
70
84
26
112
27
55
80
127
109
132
69
156
122
119
96
70
102
68
88
147
120
131
94
73
126
96
69
75
151
89
19
77
112
183
58
47
161
143
168
89
86
153
68
111
120
165
23
59
52
101
99
54
23
113
77
80
18
117
58
104
125
116
75
15
148
103
61
105
118
107
152
158
119
155
132
53
125
171
75
126
100
134
49
113
87
126
173
106
188
133
118
73
52
40
27
114
125
154
117
105
118
74
112
146
73
184
128
64
131
105
102
83
97
65
101
84
33
105
71
41
160
132
43
98
100
96
51
194
114
61
128
63
169
103
184
181
133
129
107
83
60
71
56
24
56
115
162
76
77
168
88
68
58
130
120
169
23
55
36
81
63
7
138
120
126
107
100
168
68
121
141
132
127
143
97
53
150
83
142
133
155
113
77
177
175
63
151
145
45
38
73
134
84
176
184
90
78
56
115
65
128
136
54
154
130
72
114
123
153
121
171
106
113
33
126
81
58
131
94
75
107
125
117
184
144
72
78
92
70
118
22
182
148
91
127
131
146
83
66
97
67
121
178
69
104
75
82
105
65
70
94
88
153
132
103
61
129
46
160
51
133
53
114
77
85
33
78
115
22
148
174
59
155
106
87
107
81
67
48
137
89
110
88
29
137
101
150
143
99
148
105
170
79
79
79
161
50
100
93
149
36
170
8
87
127
90
19
115
128
192
108
107
18
27
101
139
58
54
118
71
106
73
118
123
113
51
62
43
96
90
79
98
102
101
125
95
30
89
119
159
90
83
99
131
96
89
48
43
173
133
114
60
58
156
92
108
89
131
116
182
80
117
122
108
102
124
132
123
97
99
56
134
28
98
123
86
113
95
27
27
41
175
98
60
72
148
97
105
43
101
113
168
156
126
98
177
101
178
179
57
129
110
151
50
84
157
104
188
119
107
28
86
97
24
99
23
152
119
114
92
153
92
105
47
55
103
101
145
116
106
83
73
94
67
93
103
139
166
105
96
64
76
119
61
88
148
93
137
144
126
160
179
122
140
121
152
167
149
80
51
175
103
116
187
174
59
172
27
46
150
102
119
160
151
175
71
97
114
110
35
109
112
132
137
72
110
51
139
160
149
122
180
124
96
123
114
91
109
131
132
62
74
101
122
66
126
121
72
163
109
98
82
114
110
134
78
47
141
130
73
131
83
102
94
87
114
124
107
85
78
122
79
107
83
113
64
53
160
101
83
187
172
92
145
159
127
11
80
89
87
117
76
96
55
18
149
67
113
129
134
180
164
130
6
138
84
8
122
126
166
114
47
65
138
182
78
161
49
16
107
48
73
150
94
172
17
104
98
156
60
137
29
143
85
134
180
81
36
79
104
87
135
118
57
97
143
153
96
149
53
36
62
48
79
128
111
136
3
41
58
110
104
138
155
144
66
3
163
59
147
21
32
100
108
129
78
30
131
79
52
125
102
44
81
103
22
148
112
124
87
116
88
145
113
102
112
47
21
75
94
93
99
135
119
127
74
67
122
179
134
64
72
56
136
93
173
176
90
44
100
112
147
67
56
100
123
168
175
120
52
35
164
93
51
61
174
88
152
118
199
164
115
115
84
96
113
125
140
28
84
106
95
142
148
153
111
98
143
78
112
26
104
99
132
132
149
105
63
54
139
189
186
104
62
117
155
96
124
98
187
69
65
144
118
171
68
136
175
78
54
41
137
30
96
114
158
116
154
116
122
60
143
107
68
84
145
29
60
106
19
69
33
98
109
91
98
83
79
121
73
101
162
29
88
75
188
83
95
72
59
132
146
95
103
104
154
125
66
135
55
60
118
161
88
47
94
69
158
97
112
135
69
111
112
122
85
108
89
148
167
90
71
97
189
53
125
163
145
61
48
157
96
67
96
162
73
86
75
104
75
95
42
92
196
176
67
108
159
148
54
115
91
70
49
62
162
21
179
122
132
114
160
128
94
72
114
105
52
104
113
158
189
143
56
37
94
85
137
36
118
108
93
34
19
112
69
37
112
120
77
87
5
89
82
136
99
62
53
135
67
103
180
23
152
90
99
98
148
111
111
60
53
99
118
77
180
119
151
47
85
96
79
19
11
121
142
129
67
65
160
69
120
161
129
104
75
129
23
78
42
122
144
42
143
62
47
104
118
170
35
58
70
97
133
162
173
57
99
91
106
141
150
85
38
11
58
50
123
87
52
129
28
105
85
167
115
42
115
62
181
26
76
98
88
84
97
63
99
84
162
38
120
37
107
121
105
90
88
76
103
146
104
56
108
84
54
9
169
109
112
126
107
195
33
66
59
101
19
132
96
95
103
158
151
43
59
75
150
91
102
83
169
157
106
80
170
151
77
141
106
86
150
129
127
180
42
87
44
96
64
150
148
137
106
117
92
73
95
72
120
114
145
137
178
103
106
139
17
77
150
133
96
146
106
77
66
118
23
97
84
72
86
108
83
92
110
137
163
60
132
91
127
107
61
116
69
167
130
56
90
109
104
136
60
167
64
53
98
141
95
71
109
84
144
117
120
97
170
122
93
85
76
148
96
100
74
85
140
87
142
114
193
50
74
54
91
57
41
73
124
159
41
146
44
61
32
45
83
51
66
56
76
156
116
52
133
36
152
20
80
79
21
102
85
59
125
71
128
150
154
14
110
126
31
122
93
188
56
84
142
56
91
131
86
128
13
91
125
150
60
165
169
99
174
64
157
112
114
98
121
70
99
123
75
111
106
86
159
64
132
110
80
168
130
159
88
49
88
177
108
163
160
153
97
13
109
149
77
115
78
156
100
85
74
82
113
128
58
89
61
49
23
57
77
106
109
120
164
129
132
50
122
181
89
135
136
84
113
160
145
144
125
61
31
157
66
71
117
133
119
19
49
146
111
83
169
108
120
112
91
180
75
109
100
163
140
105
51
16
52
117
91
146
57
161
90
68
188
122
50
37
97
78
90
42
58
60
148
125
93
117
88
147
60
95
115
99
38
93
101
101
92
7
64
107
116
37
173
111
116
142
137
76
114
101
101
140
94
96
11
78
90
62
166
92
111
77
37
155
85
131
54
9
151
136
107
87
128
57
121
105
14
112
66
101
118
103
99
118
84
109
65
52
110
16
89
94
135
120
103
83
116
91
63
62
27
69
132
51
27
35
154
119
67
53
89
89
53
15
155
162
181
141
82
83
90
57
181
62
77
48
83
67
83
50
93
151
140
149
113
95
15
110
160
141
52
101
91
103
117
109
62
115
81
86
127
60
199
136
42
158
97
62
57
60
83
116
59
111
93
32
144
161
96
96
103
30
109
87
89
139
148
183
116
113
20
128
103
37
115
101
152
82
123
23
114
114
13
133
120
138
122
70
150
189
5
114
119
13
97
84
165
136
126
107
111
118
73
88
61
86
63
55
126
55
138
131
104
78
133
106
128
107
144
121
135
102
103
146
124
150
106
161
145
102
87
16
129
113
116
141
38
80
97
69
157
180
97
169
110
116
110
110
54
110
154
119
158
66
21
175
152
72
125
89
109
95
103
122
125
25
79
68
74
91
66
140
118
66
115
141
124
107
138
83
158
103
51
139
137
154
126
54
67
150
173
105
88
87
104
151
110
129
158
118
128
95
162
94
133
110
62
66
190
73
122
120
109
123
80
158
111
159
100
99
126
103
86
70
86
99
199
102
31
70
98
117
79
43
26
176
115
173
178
175
50
35
23
53
95
64
116
98
53
104
82
131
190
97
143
129
76
139
101
119
46
52
162
21
90
60
137
135
23
90
167
56
81
6
151
75
106
125
177
12
69
36
60
29
67
47
102
108
97
96
4
110
98
75
110
106
58
82
111
134
95
143
118
45
62
92
10
142
65
115
102
120
94
143
11
181
156
136
104
85
51
31
77
137
121
16
36
113
36
166
96
87
98
156
66
66
148
11
169
133
132
109
49
129
142
32
136
120
139
67
112
52
95
149
112
152
59
109
181
92
28
90
175
164
148
80
61
116
164
151
142
49
161
74
95
160
123
53
157
108
145
195
121
59
172
156
110
146
128
107
151
144
114
104
111
105
64
58
5
166
160
21
157
102
50
138
106
141
109
54
120
74
55
134
82
172
84
140
124
56
147
72
107
170
20
168
181
56
73
95
52
93
123
9
172
83
91
68
133
146
59
92
52
140
34
145
165
124
100
96
97
120
64
84
23
117
39
188
88
81
57
41
127
139
96
62
143
146
169
70
157
173
126
118
149
100
190
58
105
175
61
158
83
110
165
106
97
81
101
100
164
153
140
67
106
76
142
103
68
72
23
85
121
142
129
68
173
43
131
155
48
101
128
179
47
94
25
90
142
99
103
60
187
119
111
151
100
114
120
90
73
171
60
178
55
69
41
99
98
41
155
168
107
114
70
126
51
76
119
110
128
97
74
94
78
13
25
118
127
91
133
139
176
92
133
133
146
60
124
23
157
165
48
45
111
104
50
125
122
85
184
145
11
113
57
67
104
93
77
127
107
64
137
116
70
109
82
146
88
127
159
90
22
46
121
120
67
150
137
126
98
91
18
106
93
84
91
78
122
111
95
135
78
30
81
19
54
124
113
112
94
122
168
164
56
164
103
112
148
94
97
71
124
89
56
140
27
99
94
116
33
100
143
49
52
82
56
66
80
46
87
150
79
106
108
88
68
75
64
133
134
31
99
100
150
112
163
47
40
113
109
87
53
17
51
99
62
105
92
138
81
110
75
84
111
195
129
26
41
62
26
76
158
114
151
158
99
39
23
19
117
50
25
158
86
58
47
132
13
85
128
92
75
63
187
97
128
80
156
118
57
84
75
106
91
83
64
109
38
102
86
128
42
164
77
137
21
102
66
49
165
106
4
66
51
102
98
48
168
171
24
178
159
40
86
45
52
143
65
134
107
51
61
110
109
106
83
77
61
63
104
95
57
77
178
103
144
87
118
66
39
91
52
162
82
126
29
106
90
74
127
82
130
107
130
73
108
90
64
39
6
30
184
89
117
138
72
146
154
115
55
17
48
122
56
57
57
99
188
78
115
113
134
88
74
69
87
123
127
46
105
78
155
101
94
178
26
130
146
145
118
146
99
138
146
106
18
110
91
80
122
161
44
72
104
174
62
124
154
84
111
80
139
69
166
45
105
99
93
70
86
50
95
141
34
110
112
107
44
111
90
162
162
74
130
150
120
129
106
25
91
117
124
118
65
41
50
148
63
95
131
74
178
62
136
155
121
95
92
110
140
77
87
64
43
175
104
156
115
128
104
74
83
101
81
131
93
75
96
27
30
78
114
146
48
76
86
176
85
145
117
49
47
88
96
149
83
93
90
191
110
122
115
165
69
96
81
61
102
104
29
55
109
75
151
37
96
121
21
142
57
142
81
98
49
79
86
57
46
127
162
121
155
166
125
131
42
86
106
105
118
133
184
97
153
58
85
34
86
147
106
125
148
104
24
140
57
44
126
136
164
123
103
119
156
64
5
142
130
104
152
96
147
80
146
114
72
88
159
130
35
73
181
93
124
163
70
82
162
120
110
147
135
56
38
105
112
