3 99
28 96
6 11
91 99
58 52
39 68
44 84
24 15
20 53
88 83
78 80
92 46
73 0
57 80
83 68
67 86
66 61
47 38
73 4
37 97
56 76
64 66
25 54
47 45
74 34
95 51
80 52
63 18
53 86
98 35
53 64
87 19
92 34
57 30
38 60
26 60
1 56
25 26
10 72
38 50
72 32
67 17
50 30
35 2
82 32
37 35
62 91
20 53
24 77
83 28
3 8
54 4
31 79
98 7
16 35
57 54
33 23
71 83
19 5
52 1
3 55
36 65
45 56
18 35
99 0
63 1
76 83
73 6
61 70
80 43
71 36
97 3
59 33
52 79
4 3
80 7
59 82
73 70
37 91
5 1
57 34
3 99
17 42
71 44
11 50
54 48
86 50
17 11
50 69
90 54
39 35
62 64
16 34
33 19
91 38
20 13
39 90
79 56
31 49
100 8
66 53
56 17
70 39
28 86
8 84
39 13
18 67
77 0
67 76
86 23
81 73
37 19
28 15
75 60
30 40
34 62
60 57
80 96
96 74
47 70
58 86
83 42
19 25
9 86
1 95
9 82
33 12
67 62
94 41
88 90
47 21
52 73
44 98
34 6
71 81
76 28
67 25
37 52
16 46
3 17
6 12
65 6
91 98
68 50
38 55
40 52
42 58
24 53
55 25
59 25
5 0
20 38
25 23
90 8
35 94
92 7
72 57
13 63
54 81
12 59
1 18
77 10
76 67
29 30
92 88
22 98
88 8
35 80
31 25
88 66
85 79
73 56
1 53
85 22
33 64
47 1
82 90
78 24
56 6
54 14
94 42
11 47
50 12
93 47
3 46
79 88
92 18
10 59
71 95
47 70
24 94
71 6
83 14
30 5
20 50
19 80
59 97
94 75
8 86
22 12
99 0
66 90
18 76
14 55
71 62
25 61
55 62
67 4
77 63
76 97
80 95
77 38
91 70
12 65
21 0
77 19
68 43
75 52
85 90
7 21
51 32
83 72
94 15
42 36
79 17
33 24
11 76
28 68
45 40
33 32
7 76
18 75
85 59
26 70
48 33
91 65
31 73
3 92
89 45
27 33
29 26
57 6
1 85
75 12
91 74
45 64
49 29
38 0
88 31
70 2
30 60
67 62
100 36
19 54
48 12
87 77
39 9
49 40
60 23
19 16
63 64
81 79
93 85
79 46
15 48
48 46
74 82
74 39
17 59
93 31
71 45
7 9
20 57
16 80
46 35
63 76
99 43
54 57
94 99
69 9
12 17
21 86
99 61
92 82
19 50
13 90
62 20
100 82
43 82
28 56
16 91
31 81
100 51
3 93
49 72
68 61
89 55
12 87
15 3
35 0
20 48
91 82
34 56
63 44
37 91
100 53
47 97
100 46
47 2
5 96
74 73
22 29
95 34
82 9
4 16
77 24
64 67
72 99
89 34
42 92
92 7
10 38
3 9
51 50
11 56
11 51
95 100
80 89
33 62
99 3
78 41
27 42
7 99
40 62
100 48
53 57
55 29
61 58
38 11
74 15
67 51
66 28
50 12
16 49
74 81
19 51
21 46
59 28
11 65
56 77
12 75
33 33
3 60
57 7
72 30
22 4
47 55
32 63
67 49
79 6
29 98
23 51
9 83
45 87
13 68
63 93
42 62
25 46
22 83
53 60
79 42
64 93
97 97
55 29
11 33
35 6
97 58
57 6
6 69
59 20
36 89
12 78
50 37
90 38
86 9
64 65
17 28
57 80
91 78
8 68
78 9
74 74
33 98
46 40
66 5
60 68
94 38
11 9
41 1
14 27
77 78
58 94
72 14
73 28
58 47
62 35
56 36
76 89
33 88
28 65
93 54
32 52
92 43
28 33
10 8
26 87
52 84
80 91
64 18
18 21
65 47
57 87
83 99
76 15
86 70
46 45
91 78
63 82
20 91
81 31
99 6
17 51
90 64
7 53
48 25
75 80
38 98
66 20
62 41
1 47
78 47
58 68
24 21
15 11
11 97
42 77
69 25
94 59
55 0
78 3
92 18
83 30
82 48
16 43
56 18
57 100
31 14
67 56
1 82
67 80
44 75
56 13
100 15
38 55
82 82
24 39
0 6
69 82
20 86
92 76
70 14
75 0
95 7
22 97
56 89
76 100
29 98
79 29
79 83
50 60
65 74
99 65
46 34
12 66
86 70
8 21
84 49
21 79
23 44
41 79
99 83
44 28
46 23
23 24
5 73
50 36
12 14
0 58
14 80
90 66
49 98
87 33
13 8
78 36
18 85
81 83
67 24
77 12
13 100
2 86
38 18
21 16
32 89
40 13
68 30
79 83
94 66
82 73
40 59
8 58
43 89
6 76
13 84
88 93
49 90
78 54
7 100
70 6
88 10
19 21
6 98
3 100
29 86
39 69
10 47
26 20
2 100
96 82
83 50
74 98
5 52
51 13
17 88
86 71
64 71
58 70
34 61
35 64
12 74
32 23
88 25
9 90
24 4
37 73
54 10
36 60
28 54
39 11
41 91
82 71
61 39
40 95
67 41
58 79
82 57
68 35
82 43
24 72
48 27
44 68
37 80
94 32
33 99
43 40
89 25
10 15
30 16
10 97
24 34
42 5
57 76
6 38
19 97
9 33
23 19
67 60
66 61
92 65
59 35
5 14
26 82
29 22
99 5
19 89
6 27
60 63
69 66
68 54
62 43
53 85
29 20
10 95
47 2
25 72
3 97
52 96
79 82
17 43
53 2
31 25
96 91
89 65
56 22
85 17
65 38
68 94
24 78
54 37
46 80
75 15
76 27
10 20
75 95
29 94
97 60
19 59
16 74
90 38
96 74
21 26
78 89
87 68
67 40
71 79
86 12
95 28
5 71
48 46
65 78
39 28
3 58
53 87
31 42
24 93
82 46
19 26
0 5
60 33
11 31
12 98
9 73
25 14
43 39
60 75
83 99
2 53
23 55
39 20
63 29
80 44
41 99
70 42
70 30
75 81
27 53
44 36
25 35
16 35
41 76
9 23
40 11
42 29
32 47
50 95
77 29
4 17
94 75
25 29
71 67
76 64
86 20
66 11
21 82
46 62
57 21
52 63
32 94
93 30
41 8
91 84
3 95
67 97
69 93
92 5
25 67
69 10
53 34
88 75
82 33
36 38
54 88
1 52
48 60
48 55
68 38
38 71
33 4
33 68
63 24
74 88
91 8
99 44
9 52
85 91
86 20
96 5
75 63
24 89
22 38
43 90
77 81
26 9
51 59
77 14
83 16
68 39
92 32
49 0
85 33
57 36
20 52
7 61
14 98
49 2
36 92
58 12
38 84
88 89
42 64
69 91
47 37
30 38
69 45
4 19
45 61
55 31
80 63
92 60
26 40
63 62
98 20
74 35
4 61
90 12
92 59
3 4
96 100
42 30
10 12
16 55
73 71
86 18
100 43
79 26
49 41
88 46
27 28
47 31
55 37
10 46
62 80
50 23
45 58
53 55
70 69
77 9
6 62
27 72
72 5
98 20
12 52
33 40
80 80
71 34
83 47
47 44
26 97
67 71
21 87
93 91
21 69
66 27
97 94
100 68
65 63
89 78
14 21
17 60
67 54
61 50
1 74
94 94
36 27
65 57
13 57
48 34
92 80
28 88
73 27
56 38
56 10
82 71
31 99
97 64
52 23
13 19
97 74
13 33
0 44
56 80
67 70
13 58
50 41
11 22
34 67
26 91
77 7
27 74
72 90
4 24
80 17
9 76
57 89
75 23
32 31
2 65
0 83
89 50
90 0
39 24
67 31
81 10
39 74
50 10
29 54
0 8
38 77
51 95
65 25
85 64
22 87
28 90
69 17
5 59
17 44
49 50
76 96
26 81
35 43
57 64
97 58
73 0
0 90
62 65
14 46
95 3
32 23
93 68
6 64
93 90
75 41
5 50
2 32
97 37
75 53
67 37
77 39
4 77
28 66
8 9
78 2
79 76
92 37
43 98
0 35
53 75
42 25
91 10
57 87
47 98
6 81
0 83
19 4
26 14
36 34
90 13
36 34
90 28
71 99
92 71
0 11
12 8
36 2
19 59
56 32
56 62
12 22
10 99
27 2
79 29
36 68
43 39
1 99
33 38
63 24
75 63
35 87
72 37
56 91
96 11
89 51
39 1
74 15
66 67
18 44
96 20
78 4
25 45
69 58
83 32
83 57
95 84
44 66
88 66
22 83
77 78
34 82
45 74
97 10
6 81
54 68
1 31
73 26
76 41
51 58
73 100
81 34
49 91
66 36
56 55
19 32
32 19
13 77
93 77
87 65
57 6
32 24
37 4
17 12
12 68
36 51
67 16
51 15
74 17
18 29
72 37
28 70
56 7
12 14
84 99
79 7
71 10
98 7
82 14
86 60
48 88
10 81
70 62
63 43
45 81
73 83
17 0
52 73
7 64
53 58
28 31
31 99
7 28
72 55
43 23
14 57
10 92
38 80
19 67
23 30
47 62
12 30
62 30
69 35
60 21
59 54
18 90
18 92
18 90
47 27
79 27
84 89
85 88
68 70
20 57
100 67
18 78
97 46
74 31
48 33
52 6
53 70
97 71
62 81
26 75
7 4
68 57
93 53
11 27
89 31
84 55
65 69
99 27
14 73
59 28
72 10
35 25
47 98
62 75
44 89
15 51
59 83
74 18
1 51
45 57
49 95
11 13
29 9
40 10
48 99
38 20
76 39
11 89
36 73
63 80
27 44
97 87
26 37
4 95
88 15
51 36
76 62
15 5
37 56
15 86
20 53
72 62
93 83
50 95
55 79
41 83
22 37
69 15
40 39
9 28
54 60
30 29
88 12
34 24
34 15
76 20
69 47
83 27
29 99
21 51
44 62
33 66
66 68
81 5
73 56
100 93
15 97
21 2
8 22
27 8
3 2
28 38
16 10
65 45
76 53
62 19
81 61
85 12
28 32
85 67
88 50
59 70
46 81
72 20
69 65
28 72
34 57
10 50
33 41
61 8
60 23
27 41
84 79
53 79
10 3
45 64
54 4
33 66
51 72
87 86
36 81
23 36
3 100
86 37
41 13
11 0
2 39
7 86
84 27
30 60
30 42
23 84
46 23
50 63
95 2
14 97
49 37
33 53
3 85
56 44
98 67
10 100
72 85
52 55
11 82
14 7
23 4
58 35
94 74
64 88
76 78
50 91
82 83
43 85
68 65
95 31
32 71
98 70
55 49
25 32
97 5
40 87
76 98
88 69
71 52
22 12
96 73
2 43
55 12
27 89
77 88
87 8
59 84
45 80
99 70
12 61
41 52
47 84
15 1
52 86
53 41
98 14
13 66
58 34
78 51
90 55
5 76
29 30
25 74
9 90
9 21
50 17
39 64
0 54
65 18
5 84
59 2
64 72
35 21
73 12
39 62
33 44
3 29
74 28
69 83
84 45
71 100
28 76
63 28
30 94
12 35
43 72
4 7
9 5
95 48
84 100
9 84
43 12
12 83
6 47
32 90
58 2
56 86
78 18
80 74
79 93
76 88
30 46
61 5
51 56
54 34
55 29
17 65
8 96
47 14
9 79
71 67
47 26
53 92
10 32
31 55
91 6
9 87
18 70
93 35
92 12
70 13
41 53
78 49
15 91
30 24
70 67
57 83
59 9
74 35
8 5
91 65
78 66
52 97
35 10
31 27
22 67
40 63
87 84
79 68
74 8
92 9
41 48
93 100
24 32
34 99
37 91
63 82
56 81
78 92
91 75
85 12
8 91
42 95
74 20
62 13
95 19
23 35
33 82
0 23
13 34
21 51
25 85
99 81
65 76
38 22
16 22
34 24
79 42
85 52
28 12
32 22
98 55
23 98
36 23
20 15
24 42
32 49
93 30
96 23
72 0
45 89
89 80
79 68
88 30
86 16
8 17
38 6
38 28
3 40
17 23
56 41
31 88
56 23
18 18
47 56
18 58
44 73
3 90
40 92
19 93
7 94
9 11
66 14
39 69
54 23
59 76
64 56
64 87
46 48
4 59
3 89
16 14
61 20
3 68
11 89
60 18
48 35
29 14
49 35
49 70
58 74
45 88
30 75
74 76
89 78
34 93
66 50
73 94
36 42
61 47
97 87
31 44
21 27
58 37
62 7
6 86
81 17
39 77
93 13
52 81
57 52
39 90
69 78
83 4
19 43
18 82
96 49
26 83
76 84
19 3
57 92
55 4
76 95
81 68
7 100
14 30
51 20
19 86
64 1
91 50
10 8
31 5
23 57
89 100
7 74
69 64
66 24
68 7
85 15
75 92
14 55
21 65
41 7
51 5
8 7
55 19
82 86
91 4
9 45
70 16
19 5
46 51
29 14
58 80
29 99
71 43
19 58
74 27
65 91
32 40
64 53
25 45
4 15
16 13
27 52
96 12
57 42
63 52
22 87
31 51
51 68
60 70
93 100
97 57
57 95
63 20
13 88
66 18
70 48
98 97
100 60
75 57
1 37
75 23
90 6
40 40
74 66
76 66
65 73
90 21
33 18
8 47
6 74
31 42
21 95
4 87
54 79
9 21
82 85
10 71
91 50
77 30
82 52
63 13
91 52
34 91
70 42
3 42
82 0
84 69
95 54
22 15
32 31
2 13
15 13
50 72
29 93
2 11
11 65
24 1
83 24
58 18
33 61
27 14
61 77
50 22
31 72
37 29
2 39
9 85
52 59
56 82
52 24
59 63
55 83
30 37
6 89
22 39
15 49
20 77
92 36
99 22
7 1
52 76
40 61
26 59
86 83
6 3
73 65
32 28
47 29
65 19
84 53
25 99
68 45
75 60
81 39
48 54
40 66
96 47
93 22
72 45
71 78
48 43
8 47
71 21
76 2
40 59
21 31
23 90
76 65
15 22
3 63
42 10
96 38
23 88
26 95
32 97
38 47
5 46
60 77
33 35
45 39
60 66
71 83
55 12
47 36
35 51
100 43
27 61
47 50
14 73
44 13
35 82
60 41
94 19
84 26
20 28
31 80
94 1
28 15
14 76
51 15
93 16
24 86
77 72
35 92
10 45
4 46
93 30
53 86
15 36
78 35
64 8
81 23
77 8
38 91
50 90
72 8
5 96
94 83
67 28
40 78
73 44
90 65
40 42
16 55
44 60
56 7
69 2
97 45
10 35
1 27
91 39
35 96
34 29
44 68
23 50
11 63
60 67
27 100
75 10
20 18
70 76
25 4
78 88
49 55
22 16
82 12
21 83
75 56
78 18
90 1
69 67
30 28
33 23
95 7
33 14
92 3
91 83
7 34
70 23
89 93
5 36
4 27
19 45
49 63
64 4
30 99
71 60
93 70
84 87
43 16
1 0
86 58
83 94
92 52
83 47
44 54
83 15
81 68
60 96
31 90
100 27
54 36
88 47
72 71
33 81
53 0
81 39
24 63
99 16
15 81
63 59
0 11
40 82
46 67
77 43
56 43
70 10
79 57
23 51
94 56
31 47
23 12
86 47
75 50
29 56
30 58
82 97
70 21
78 82
88 21
24 10
64 94
20 42
51 43
59 44
65 91
57 54
69 42
1 9
92 30
66 88
89 47
85 24
34 28
5 22
49 29
32 12
89 18
21 5
27 80
50 58
36 73
12 71
15 13
47 73
9 79
27 64
92 78
54 25
5 25
13 21
20 45
100 9
29 20
14 56
67 30
14 69
3 93
6 85
5 53
23 81
31 50
11 22
27 31
47 33
57 61
54 43
72 53
52 68
40 33
23 73
29 3
7 99
96 13
83 67
66 6
14 63
22 92
85 50
22 99
49 45
25 69
89 63
88 40
30 94
39 20
66 69
90 74
67 86
87 16
18 19
89 32
82 10
90 33
26 12
98 75
57 22
43 45
51 98
52 82
91 91
68 23
25 57
63 93
8 49
75 27
34 63
25 83
73 15
15 100
94 12
40 50
0 50
62 51
47 13
32 3
70 66
26 96
23 89
54 31
4 28
24 38
91 50
20 29
31 1
28 24
13 69
74 13
85 1
31 31
14 29
34 85
96 27
46 18
82 100
49 86
27 74
91 84
90 77
12 20
79 7
44 58
42 84
38 26
86 69
57 66
98 57
16 93
50 62
10 32
61 26
17 54
66 74
37 21
51 16
41 29
23 51
87 65
0 24
91 52
59 13
18 57
36 34
15 87
97 26
18 23
18 1
78 50
42 81
71 93
97 78
88 19
95 74
84 61
65 40
13 23
19 31
46 56
31 62
42 94
54 26
17 38
94 61
88 35
41 24
94 4
68 81
23 62
21 74
22 52
80 35
41 100
32 88
55 30
15 63
23 69
55 6
6 14
67 60
16 75
84 9
79 17
57 68
79 78
41 67
96 88
69 36
87 67
90 41
97 4
70 20
73 24
93 45
38 60
4 54
0 54
30 79
71 87
12 15
30 20
83 25
7 17
61 94
84 17
34 81
21 70
67 61
94 59
5 98
85 77
52 85
97 48
29 68
34 42
49 64
62 98
55 69
14 82
62 99
99 62
45 20
31 11
81 91
36 52
88 21
28 5
5 92
53 1
25 87
43 74
16 71
72 37
5 52
19 33
16 17
95 27
3 92
38 50
48 41
2 35
62 97
41 33
88 94
34 12
47 43
87 29
13 24
67 18
42 52
51 59
69 11
86 73
69 91
22 16
98 91
52 59
88 59
58 41
18 93
54 31
1 6
27 15
97 60
100 38
11 17
63 80
28 15
18 64
72 7
80 69
64 98
94 51
22 51
59 41
9 12
38 11
85 65
26 81
24 92
85 35
8 48
82 3
29 66
67 0
39 12
69 3
10 28
20 99
79 79
39 89
57 44
100 41
8 92
21 100
83 6
0 58
20 48
61 49
14 94
15 19
5 84
89 82
11 9
47 56
54 86
44 11
96 9
18 4
0 40
3 50
12 70
7 99
18 34
47 99
94 62
17 65
11 6
13 89
82 60
44 35
11 55
12 7
30 31
11 31
37 81
47 15
50 20
13 34
54 60
32 47
88 50
78 65
22 91
53 3
50 63
4 62
84 84
69 14
14 46
11 17
93 58
32 8
78 11
43 98
37 75
10 24
91 88
89 12
79 7
82 28
36 87
56 20
70 24
0 50
36 11
67 28
35 65
37 12
76 46
9 12
20 86
2 78
73 57
90 17
64 72
12 66
24 68
86 60
59 52
9 95
63 42
90 98
73 93
76 48
38 51
26 24
36 28
1 76
85 58
93 14
96 71
80 86
5 32
45 64
84 54
24 13
62 80
77 34
72 53
48 76
70 74
0 6
1 68
48 52
92 6
66 53
78 11
38 83
43 83
12 94
2 36
73 64
16 49
64 54
68 11
30 38
85 97
10 52
64 58
3 22
64 35
75 7
13 13
90 56
62 1
15 65
4 88
95 87
3 59
6 71
36 36
75 21
99 85
39 29
8 9
51 39
44 25
46 57
4 36
80 33
3 61
98 74
49 58
26 18
83 33
55 19
35 30
6 34
81 11
63 90
20 80
28 65
71 40
88 76
76 33
75 46
95 72
86 43
96 79
27 45
78 82
30 79
11 2
79 59
13 7
48 34
87 42
65 58
82 52
100 24
86 74
36 80
11 88
89 73
66 82
17 9
63 47
89 41
15 67
100 29
75 47
63 61
55 27
85 36
79 50
26 30
23 62
76 0
50 30
74 82
11 57
92 75
4 80
15 19
12 14
14 87
27 77
14 48
3 65
84 49
15 77
45 38
4 21
39 54
17 79
2 29
35 60
3 5
39 85
92 17
65 5
4 92
49 85
5 18
49 55
33 64
31 79
69 36
66 74
56 83
52 58
78 53
84 47
59 22
31 16
6 96
21 10
53 70
61 58
89 9
13 88
40 10
66 8
46 98
82 69
47 100
93 24
52 77
72 77
65 69
93 71
31 14
47 84
50 7
8 4
84 88
93 23
64 24
31 77
89 79
45 35
78 37
25 29
13 63
6 79
32 65
15 29
45 63
12 96
70 87
66 53
40 24
76 4
15 73
81 3
51 92
4 28
28 96
24 8
59 97
53 57
61 68
86 6
30 64
68 67
17 100
86 23
91 62
27 5
0 74
75 52
65 45
46 60
40 36
34 65
32 87
88 60
54 73
32 51
3 66
17 87
65 2
9 21
30 3
26 98
77 67
49 8
11 61
34 18
98 68
83 96
54 37
21 74
76 19
24 79
85 7
65 16
77 41
37 73
44 30
70 20
63 85
95 75
46 28
59 9
96 7
71 15
44 59
90 20
78 80
99 29
54 30
11 30
71 14
2 14
10 39
0 74
23 96
14 69
90 73
44 86
80 82
67 24
40 56
44 84
2 8
12 56
4 90
52 41
4 20
55 14
59 22
54 83
17 68
17 73
40 28
24 87
9 92
10 15
13 20
99 15
95 78
37 100
67 89
40 37
9 62
18 34
50 72
16 33
40 0
5 46
28 30
99 3
21 75
18 34
61 83
16 56
60 53
21 94
8 27
97 84
55 14
17 4
53 0
37 59
0 43
71 95
73 70
64 60
44 82
60 5
30 76
27 57
96 48
50 3
75 12
87 30
94 70
0 46
70 38
4 36
81 41
97 19
10 60
45 21
41 4
26 72
47 53
28 42
67 44
11 7
22 64
37 15
33 38
27 70
42 98
5 22
39 69
7 49
28 52
70 36
22 62
74 69
81 68
10 47
78 88
55 100
51 58
15 51
62 42
20 3
40 92
92 45
60 65
94 89
16 30
91 39
58 64
74 39
31 85
52 8
38 73
7 90
31 89
6 59
98 26
63 3
84 20
48 10
86 41
65 68
37 55
73 62
18 47
0 49
98 18
23 35
92 30
91 89
86 97
47 83
89 76
86 39
97 33
49 48
40 13
82 44
34 55
5 52
68 72
67 65
90 90
66 81
86 57
35 71
19 83
53 8
58 4
47 20
37 62
34 44
75 16
88 75
71 59
26 38
30 59
69 19
48 34
67 100
57 1
71 77
50 90
85 8
61 98
95 64
59 29
7 100
45 61
74 82
19 66
86 15
24 54
1 38
54 68
37 11
35 74
88 86
30 38
60 91
1 54
20 60
83 95
25 27
55 99
75 41
64 60
22 54
80 23
92 34
91 28
11 93
69 65
78 99
69 37
55 70
57 75
96 40
69 20
33 91
85 8
98 48
34 86
68 14
9 59
14 66
53 92
58 21
22 1
86 91
4 40
60 62
82 55
68 16
41 0
73 25
75 70
39 76
22 6
56 31
65 36
97 17
27 21
5 49
22 91
5 27
98 31
55 79
52 22
95 93
89 68
17 30
3 22
5 25
28 27
22 59
63 19
42 90
40 47
4 28
4 76
21 1
6 76
80 58
98 40
50 53
7 33
83 78
55 54
69 49
81 92
7 43
10 49
99 16
63 69
44 67
44 66
68 50
7 13
7 72
53 23
24 27
56 73
71 77
26 39
25 6
30 99
15 6
47 13
89 76
82 100
8 92
31 42
41 38
55 14
9 75
37 100
68 59
72 38
35 98
43 26
70 40
24 85
46 37
64 35
80 11
34 88
2 31
30 43
69 51
23 45
92 60
44 59
85 16
63 19
80 6
11 50
46 1
0 58
39 65
59 18
76 59
72 79
90 68
88 59
19 11
3 77
37 13
36 22
29 65
7 76
37 19
25 83
20 25
7 25
90 66
9 32
25 82
77 14
15 64
39 34
41 8
78 45
22 13
67 17
44 74
93 82
59 84
30 46
9 37
37 65
3 47
63 28
95 39
8 9
70 14
10 10
22 88
55 10
67 88
28 10
62 87
58 87
71 89
99 46
25 36
77 28
83 40
22 43
45 98
52 14
11 28
25 33
15 46
10 48
34 38
25 62
91 83
14 27
71 13
39 97
49 16
91 98
22 80
40 67
77 58
82 54
87 73
53 68
85 63
16 18
67 7
80 58
90 61
85 61
74 24
23 22
6 80
19 95
59 25
61 1
83 8
55 69
47 8
3 32
37 86
50 4
93 97
28 82
57 12
8 97
2 98
18 75
44 3
69 69
28 97
71 10
71 92
46 18
66 15
16 3
0 32
74 93
95 1
40 17
80 15
13 83
79 31
23 22
0 93
92 28
55 28
5 25
19 17
9 52
32 25
55 99
58 95
91 52
96 97
70 75
11 83
23 91
81 47
79 47
39 70
42 94
98 13
85 84
30 95
35 28
19 56
26 43
50 83
62 45
79 31
19 57
80 43
13 26
56 92
40 95
28 82
54 25
95 4
75 24
99 9
18 85
31 44
27 81
26 89
92 71
86 11
27 32
20 40
24 42
99 64
2 26
45 56
17 39
60 93
29 25
68 13
9 100
57 2
80 49
58 72
20 43
49 47
41 35
54 66
77 52
29 79
78 41
0 95
46 26
53 42
17 21
55 26
20 79
96 66
27 53
3 13
62 52
27 3
53 81
69 96
99 64
40 76
71 40
36 17
33 90
59 50
10 80
43 97
58 38
62 86
57 66
99 18
84 92
21 3
72 56
99 70
87 5
11 57
11 48
40 44
3 65
61 80
45 70
76 2
74 3
54 30
69 19
48 19
10 36
89 49
92 53
85 78
58 97
1 70
10 41
80 80
6 6
59 17
76 0
19 15
3 40
45 39
25 60
58 35
96 12
50 87
65 35
31 23
31 32
59 7
39 38
87 45
45 45
62 87
45 48
2 14
54 13
53 79
73 77
80 68
89 97
21 54
31 52
77 28
84 35
1 89
39 88
34 50
99 62
3 9
76 5
23 96
85 43
40 58
19 87
25 8
83 12
62 80
64 4
7 13
5 8
2 10
62 2
61 60
30 64
35 73
35 24
68 19
67 8
43 87
61 35
95 43
47 22
22 11
93 96
91 64
70 93
74 31
61 0
57 92
30 92
64 31
15 98
51 83
72 60
69 32
95 29
75 42
17 63
19 76
24 9
39 94
69 79
24 29
46 47
87 76
38 50
7 20
48 24
2 19
84 37
18 45
32 59
87 15
22 72
91 46
81 96
6 15
40 30
45 86
78 31
62 82
48 35
1 62
25 70
47 75
73 65
19 4
24 72
86 12
43 42
24 24
37 30
39 44
27 50
29 71
48 57
52 62
92 20
90 83
90 36
58 29
68 77
33 58
49 86
70 92
27 94
82 65
91 88
75 17
3 3
54 51
61 72
79 18
92 68
68 48
71 25
77 38
68 76
96 16
61 65
75 89
24 22
19 14
9 94
98 13
63 51
30 23
23 76
8 81
43 42
95 13
67 37
17 34
13 12
17 40
43 92
28 34
13 13
48 90
6 12
69 36
29 99
25 18
40 33
66 84
75 60
63 7
98 81
42 77
93 25
16 2
83 11
36 62
24 50
51 98
62 19
33 58
85 58
76 24
58 7
74 99
68 37
6 31
17 14
7 76
5 23
78 88
0 80
49 92
30 0
89 58
86 88
15 36
11 58
27 69
65 0
34 99
3 6
29 87
87 36
29 92
26 73
79 93
53 94
84 83
60 72
40 46
25 22
48 37
80 41
5 10
8 5
9 11
11 38
65 98
41 94
55 33
66 33
25 18
27 9
67 53
47 74
99 73
96 13
9 41
54 81
51 28
53 26
6 64
31 71
28 72
64 83
71 96
16 96
81 9
71 47
62 85
87 27
57 82
6 32
89 26
79 6
55 31
32 61
96 29
31 90
0 61
72 37
22 88
100 2
63 70
16 92
20 2
18 77
51 91
75 39
16 54
45 71
51 44
98 12
73 95
1 40
55 74
77 44
27 42
12 91
12 28
48 32
98 32
76 48
22 16
53 38
36 65
76 88
8 39
100 47
34 68
87 55
41 30
99 34
72 78
24 50
5 38
49 69
70 24
83 92
6 36
97 43
0 38
97 75
77 62
21 10
29 75
32 36
4 30
71 76
7 61
93 80
100 41
14 69
31 98
61 37
100 57
46 100
95 42
40 37
4 27
48 100
1 80
36 72
76 6
14 50
67 6
96 66
47 9
1 44
73 62
81 72
85 94
37 45
35 77
82 5
71 96
5 72
41 41
44 84
13 58
100 46
64 95
79 77
70 80
20 9
41 67
81 92
60 85
2 62
27 84
67 98
80 38
36 87
45 80
70 58
3 69
4 67
29 83
9 66
28 29
75 69
62 21
26 89
5 28
50 100
78 83
97 23
88 99
10 32
78 80
57 81
15 61
13 44
9 22
9 37
17 50
72 46
72 64
34 43
92 50
8 69
99 72
93 86
70 69
85 48
48 41
95 29
68 75
74 77
97 49
80 81
100 17
26 37
81 26
46 38
76 55
73 40
93 31
93 62
100 77
76 14
17 71
43 51
45 83
27 7
32 73
54 98
90 80
0 36
72 12
74 13
67 46
54 59
78 46
88 77
89 63
91 72
100 0
22 10
83 15
18 81
88 38
78 43
18 44
79 56
57 52
70 90
64 90
15 41
1 2
85 90
31 41
27 31
41 49
41 24
64 25
71 17
64 49
26 48
59 71
70 15
89 39
5 52
28 20
60 29
89 44
85 19
85 11
50 93
26 58
83 56
49 53
73 79
68 65
26 27
35 97
42 23
1 13
42 97
100 1
92 88
45 77
7 96
54 23
88 81
47 70
36 97
90 76
75 57
40 68
84 42
30 93
65 31
5 6
27 72
74 86
59 18
62 32
14 82
56 68
28 69
4 65
65 94
40 40
50 46
74 0
88 3
93 19
0 64
92 95
35 66
80 61
50 7
93 30
89 14
99 17
84 2
48 14
62 54
54 11
100 94
78 54
97 36
39 98
67 97
92 68
62 71
28 12
78 88
8 32
68 6
15 17
75 63
32 36
16 52
14 83
46 58
2 8
95 41
5 61
37 63
28 66
33 23
44 77
77 52
76 10
25 91
28 100
20 60
2 36
78 16
85 23
74 87
32 34
94 3
61 98
67 56
63 66
79 73
9 21
24 85
31 15
41 59
15 61
85 84
64 63
66 48
52 5
35 50
40 95
20 0
92 53
56 20
18 0
93 27
21 84
78 19
99 86
44 80
46 29
63 9
58 95
24 76
0 25
93 40
19 12
6 11
65 29
98 49
29 91
43 17
40 87
36 4
72 80
51 85
75 80
94 99
75 84
75 75
8 33
81 28
11 87
5 42
15 2
91 11
59 100
28 99
87 30
70 24
76 20
8 17
100 2
15 40
86 56
14 61
89 61
89 66
48 94
7 29
96 65
6 21
64 34
19 16
30 55
41 73
75 49
90 41
17 71
81 70
27 96
30 82
56 18
48 70
78 21
66 39
86 72
60 50
73 46
66 2
0 6
41 76
22 30
83 39
68 63
8 95
24 38
42 47
56 56
16 100
78 48
39 29
20 99
45 93
44 11
61 45
84 2
87 5
99 69
11 66
98 19
26 22
58 69
69 80
91 51
80 34
100 85
64 19
83 8
78 27
86 38
38 36
6 91
7 5
25 18
37 22
38 64
44 62
99 79
41 89
30 87
23 96
71 87
14 20
61 58
13 47
62 51
83 69
7 90
40 32
8 77
54 12
6 65
74 4
43 81
60 39
68 83
34 4
35 14
24 62
72 37
8 0
54 57
69 61
13 75
93 21
51 13
33 58
44 73
28 53
53 88
93 87
36 93
92 37
7 15
100 45
53 74
45 6
31 80
34 44
54 26
31 72
5 30
29 49
2 23
2 55
11 61
42 13
53 100
51 26
14 50
38 33
23 83
6 20
29 40
64 83
32 95
54 38
24 49
53 93
73 21
14 50
82 56
63 1
55 80
27 35
29 65
69 19
14 75
39 43
81 70
25 12
64 46
16 55
61 70
47 100
91 27
49 39
83 79
40 3
58 67
5 54
99 40
39 12
81 44
21 61
13 46
73 44
58 90
99 19
25 11
18 15
39 34
54 88
79 94
58 2
27 29
22 25
69 61
3 49
5 24
76 18
36 14
62 61
70 26
80 95
4 64
77 9
64 97
97 42
57 20
45 84
49 33
75 84
95 44
32 66
68 74
84 70
89 12
30 58
4 76
19 8
40 96
84 70
92 81
12 48
67 23
98 83
56 72
66 16
82 65
82 49
38 32
86 93
10 15
17 14
92 36
90 98
98 73
67 89
19 45
3 53
34 0
35 57
39 67
73 20
31 21
36 36
53 21
28 29
36 45
9 94
47 99
91 44
38 58
33 23
69 2
76 3
2 77
60 7
44 99
28 41
19 64
77 38
85 5
67 87
16 77
81 30
41 37
74 45
61 73
69 30
75 10
100 44
54 59
51 98
23 79
4 9
8 82
47 59
53 81
12 35
23 93
65 64
96 39
76 57
78 44
87 19
20 86
63 40
10 80
3 100
25 8
8 33
90 22
59 42
2 71
43 92
29 8
21 24
13 97
47 57
6 33
76 94
85 4
33 95
85 37
95 9
45 69
8 34
91 67
42 59
3 51
50 99
59 72
23 38
68 70
96 41
70 71
34 54
42 67
15 26
3 76
35 48
44 43
48 1
77 56
60 80
7 77
79 32
48 68
71 82
3 32
22 73
69 22
94 10
90 75
36 93
50 71
7 60
81 55
27 57
78 88
2 85
30 81
16 44
48 87
25 18
18 14
57 88
36 50
64 92
91 0
85 40
37 92
67 17
12 94
40 90
47 43
40 77
90 57
87 4
9 79
22 95
93 79
48 95
96 11
87 86
78 37
93 15
95 59
99 73
18 5
29 32
48 69
75 3
92 62
7 1
40 29
62 99
75 76
59 70
53 45
55 31
48 47
12 8
72 10
82 57
82 10
89 29
45 63
100 37
91 6
4 30
2 32
28 77
7 54
12 60
65 67
57 13
81 69
21 18
46 69
75 27
45 29
23 91
59 22
27 49
95 98
80 97
29 74
39 36
27 51
62 93
85 19
72 65
54 59
49 66
28 91
94 73
19 83
29 78
4 56
27 99
53 73
62 82
12 0
84 40
18 12
99 2
98 36
33 51
95 82
17 89
72 77
62 58
59 91
35 29
13 28
94 32
0 55
81 13
22 64
19 40
76 84
42 39
19 75
57 80
22 74
69 95
16 30
52 75
87 53
70 66
82 63
99 48
85 79
61 6
8 46
46 51
29 54
90 14
95 46
95 16
86 63
77 1
59 95
42 11
48 11
78 96
75 42
43 59
20 71
31 28
16 43
45 12
97 35
93 57
47 87
73 33
15 16
0 74
10 9
86 24
20 29
19 61
71 63
86 57
100 83
51 15
25 97
94 88
98 87
44 44
73 84
77 89
100 44
28 9
53 80
34 39
8 53
0 79
82 52
35 81
35 87
63 26
49 22
14 46
8 58
90 48
41 33
2 40
77 30
16 96
10 50
34 85
69 0
30 17
19 31
64 54
17 93
80 32
15 60
78 23
18 68
37 25
67 39
32 9
36 48
4 12
64 4
97 99
5 26
15 24
58 46
44 41
38 90
40 53
50 17
43 34
51 46
59 17
86 57
26 88
4 97
100 34
68 62
33 39
55 14
63 79
60 73
19 65
62 59
84 11
43 93
11 94
39 71
78 91
94 70
78 99
67 43
99 0
4 31
39 59
46 68
37 72
40 23
36 68
48 87
46 91
79 57
51 17
27 28
74 88
98 51
86 30
94 84
30 65
82 69
23 94
36 27
31 42
50 68
10 64
20 56
21 99
12 72
83 6
100 56
94 63
7 45
94 67
95 90
98 42
59 88
35 61
14 67
3 30
0 80
94 20
35 14
85 13
86 67
86 51
23 79
14 97
90 74
29 85
63 27
26 88
14 28
49 95
61 18
24 61
98 84
47 99
99 31
78 50
65 64
68 88
42 48
50 32
21 79
83 50
72 75
38 52
2 53
46 63
71 70
90 34
54 2
99 18
0 76
34 65
39 68
18 48
15 68
46 36
12 95
87 85
69 91
36 38
43 83
67 80
18 23
80 38
25 78
22 25
19 57
56 25
24 74
39 6
7 85
8 20
45 95
4 80
51 6
17 94
55 51
73 40
74 18
78 65
62 67
57 82
90 12
73 13
87 11
86 94
62 95
80 6
55 50
86 6
57 70
100 78
20 39
17 60
57 62
24 19
28 81
67 17
94 39
97 46
16 83
5 78
77 86
84 98
35 35
3 58
4 70
36 91
8 19
50 31
81 75
16 8
21 83
92 14
88 89
26 3
37 32
81 80
84 30
77 85
32 81
43 2
50 45
94 24
64 43
55 45
84 38
19 5
87 11
86 75
66 12
44 2
10 92
48 60
88 24
44 19
4 87
22 20
31 82
44 62
24 66
73 75
70 92
80 56
69 31
97 0
43 41
69 19
32 16
79 19
41 23
5 11
76 94
32 74
75 42
35 65
74 7
39 43
65 85
66 0
16 62
0 25
69 70
11 0
86 90
87 93
79 58
4 21
51 2
61 25
10 62
90 51
69 96
60 100
46 25
100 62
54 0
54 22
36 65
90 88
20 42
81 100
100 51
87 50
53 47
41 29
8 97
80 43
92 40
42 38
31 8
66 85
75 86
74 77
50 63
64 37
4 44
36 3
95 89
19 13
35 60
9 43
56 89
52 14
95 60
18 93
68 50
43 8
36 16
85 86
45 49
22 15
59 24
85 20
79 3
33 13
29 8
22 52
98 74
66 58
0 50
16 34
100 26
43 35
42 94
88 54
42 76
69 68
67 54
88 45
23 87
25 53
96 47
4 59
88 70
83 88
19 100
21 85
25 30
20 33
24 74
53 32
49 22
100 15
42 87
61 65
74 52
17 35
99 21
94 52
57 76
5 42
41 94
94 66
23 13
66 13
87 18
46 1
6 11
17 48
65 44
13 4
96 97
39 60
85 32
12 7
74 84
16 15
77 9
47 67
89 79
46 75
98 92
76 3
70 59
18 34
69 98
38 64
94 43
91 44
41 69
52 14
52 68
96 96
43 9
62 31
88 7
72 85
66 47
55 1
73 73
35 41
70 39
72 29
82 28
74 22
97 92
2 14
25 99
9 68
7 37
65 61
11 36
46 43
49 67
44 21
5 45
29 41
84 67
70 31
95 9
53 91
67 21
71 92
19 81
25 93
84 90
54 61
25 66
3 75
32 13
62 3
58 91
44 7
57 80
38 51
90 91
7 22
12 79
14 98
25 39
57 75
96 10
36 20
42 39
61 40
53 23
43 77
13 87
85 37
32 22
54 88
80 62
10 58
6 24
55 31
29 78
72 91
54 7
11 96
13 72
35 66
61 44
8 75
97 93
11 29
82 65
16 61
93 26
85 99
16 5
96 12
84 68
2 37
41 13
33 54
52 34
86 12
79 95
53 75
53 30
70 34
62 87
61 54
79 45
19 96
51 81
7 34
14 9
71 56
90 70
76 7
4 62
86 49
56 39
90 75
69 60
9 97
12 36
17 91
82 2
52 32
49 25
32 64
1 2
86 91
39 61
64 9
89 49
58 10
54 13
86 23
73 95
86 51
97 2
8 78
4 60
76 54
86 7
84 87
77 35
43 15
62 73
24 51
21 48
61 76
61 46
65 0
6 50
51 3
19 59
47 90
86 23
43 71
30 93
23 6
27 32
21 90
4 11
6 25
59 67
67 87
80 98
87 52
14 3
21 33
29 69
22 14
92 32
51 88
91 74
95 18
5 82
74 76
60 46
67 85
79 34
71 24
31 23
77 11
27 64
44 56
32 33
36 90
31 87
78 21
60 38
5 31
86 45
73 45
91 39
30 70
39 67
94 71
91 36
82 17
0 93
39 99
25 75
89 56
61 32
43 87
36 49
84 21
94 56
67 85
61 63
20 0
29 80
37 19
16 85
2 83
77 7
81 68
48 35
90 75
33 33
61 69
82 10
91 41
32 57
25 94
86 11
94 14
92 97
0 7
81 69
90 24
77 36
58 24
72 48
100 4
47 26
74 95
3 30
35 35
53 27
95 38
38 54
52 29
50 18
2 31
88 58
21 64
95 79
54 66
93 19
36 39
12 76
100 15
5 1
50 58
28 45
96 32
65 14
62 15
32 30
12 86
89 33
15 83
78 70
14 71
55 16
76 67
93 76
82 64
43 99
89 71
9 84
69 74
64 97
55 63
27 67
48 15
66 64
64 44
100 44
14 54
60 56
88 52
98 35
83 40
100 71
77 75
20 46
49 85
42 70
13 69
37 27
50 69
91 80
12 56
23 93
77 84
49 64
1 46
65 84
87 65
54 29
39 41
75 54
25 17
24 4
52 27
31 69
96 22
48 8
44 38
0 20
21 15
84 89
62 49
73 14
80 93
43 18
33 85
73 24
1 63
28 19
90 60
54 85
48 69
59 58
6 26
79 94
41 28
82 69
77 54
49 56
13 93
41 46
77 80
37 44
42 65
29 31
91 50
82 4
18 7
63 91
100 41
84 40
35 65
76 12
86 24
34 99
83 41
10 25
20 47
35 62
79 65
59 35
14 7
40 99
14 69
89 13
76 72
19 10
2 61
89 54
86 90
18 34
30 29
60 51
42 95
79 87
25 4
22 5
11 62
3 92
97 92
71 72
29 56
82 32
17 71
86 69
60 71
2 56
100 28
6 7
90 52
95 14
56 16
20 33
44 90
24 40
82 61
78 77
16 59
8 33
96 61
68 55
31 71
11 97
65 84
70 54
1 30
35 23
12 55
56 56
44 46
62 92
6 39
69 90
65 43
89 60
70 57
82 0
94 59
63 58
8 33
79 10
63 13
100 76
68 56
98 78
1 26
36 75
31 71
64 96
13 52
22 84
8 70
50 1
28 80
26 2
79 4
79 7
17 79
49 51
34 47
95 1
39 30
76 70
0 39
32 81
58 20
30 66
90 80
34 84
59 60
86 37
30 65
11 47
43 60
64 77
6 58
44 11
55 20
48 21
25 46
68 83
66 98
15 55
78 49
4 2
75 90
6 71
54 17
84 63
77 47
5 50
71 50
61 92
36 75
13 61
20 81
10 86
79 25
6 22
40 10
91 81
0 97
17 20
80 0
84 57
13 55
73 84
4 100
76 40
75 55
68 95
1 44
47 46
69 19
68 75
30 25
21 97
21 38
83 68
4 32
91 17
88 63
67 58
28 42
65 2
63 32
64 65
76 77
10 10
96 45
51 92
70 72
54 57
76 37
24 46
35 14
63 89
43 29
47 72
38 11
40 0
43 70
31 85
46 42
95 8
53 11
100 89
49 20
45 24
57 36
70 58
16 99
47 60
27 94
98 65
71 37
32 80
74 63
64 19
71 24
94 90
35 94
78 84
13 23
74 36
25 9
60 41
7 6
67 34
66 30
66 36
34 64
15 7
93 45
26 64
69 87
53 3
80 98
53 59
87 26
61 11
35 20
18 42
94 86
43 25
82 75
62 15
4 43
22 97
89 15
26 57
1 46
27 47
43 46
72 29
73 32
6 74
18 24
83 78
76 92
3 58
32 65
39 36
74 62
32 62
43 25
86 10
71 79
57 80
24 28
8 63
26 14
37 44
4 19
22 81
77 92
4 8
56 43
44 96
71 42
24 13
67 9
23 37
54 46
83 78
40 91
41 66
71 44
77 42
29 65
89 5
56 93
13 78
1 57
73 73
99 97
52 32
72 42
35 25
88 18
70 28
75 77
60 12
20 36
54 15
67 8
20 89
0 33
66 68
56 5
40 20
68 59
52 6
0 54
98 54
72 67
48 12
9 8
24 96
10 44
10 78
52 97
66 18
29 99
87 51
3 93
38 37
51 56
43 17
9 7
72 47
74 19
60 50
94 50
45 4
95 22
48 12
18 80
31 14
78 84
65 47
76 69
51 94
25 94
77 0
0 14
48 41
0 74
57 94
23 1
64 84
90 11
97 8
92 94
22 35
43 53
49 85
89 100
78 13
59 21
13 60
35 27
67 35
0 23
29 91
91 59
74 47
71 36
55 28
96 43
29 38
62 78
23 50
77 67
29 36
88 43
62 90
36 95
24 3
84 19
94 40
79 33
87 15
36 7
9 31
50 38
36 12
83 59
28 25
92 58
27 46
67 55
35 2
49 25
5 99
11 99
39 90
99 92
71 34
100 80
65 15
84 0
27 66
25 22
58 84
80 85
29 46
40 30
48 55
55 20
54 66
85 59
21 83
50 58
16 15
3 48
31 88
48 24
19 40
46 77
23 92
62 18
37 68
48 52
22 69
38 76
1 22
0 89
5 17
47 21
32 50
69 29
3 84
20 23
90 66
66 79
24 94
97 27
61 10
79 50
79 83
92 80
5 93
69 10
9 82
98 7
31 33
37 35
83 23
24 38
89 56
16 79
16 12
6 43
89 51
93 67
34 85
13 39
43 48
15 52
29 79
25 26
78 28
27 60
51 51
98 6
74 80
85 90
58 91
32 46
8 25
13 42
76 93
47 18
6 62
36 35
40 61
27 85
56 55
44 6
5 8
79 45
88 64
34 46
20 67
58 95
58 37
36 33
29 83
17 35
10 53
36 17
80 64
1 35
18 11
8 90
19 87
35 74
16 35
86 3
68 43
98 25
47 0
24 76
83 41
78 94
60 13
77 6
43 78
7 61
89 15
17 75
69 18
14 51
53 66
20 21
75 18
12 21
85 37
98 67
44 41
26 71
20 2
77 64
46 84
91 35
66 7
9 0
92 90
51 45
55 72
66 29
56 78
51 40
81 14
73 92
55 100
62 75
68 38
38 14
88 96
15 19
69 91
19 61
80 37
5 34
8 37
63 30
81 13
70 28
27 42
19 48
7 81
23 42
85 27
22 38
22 37
58 92
27 77
52 6
13 23
40 88
26 69
17 73
49 53
0 42
96 19
91 69
66 13
10 50
6 32
89 29
35 46
87 62
89 4
68 69
94 74
22 19
43 40
58 92
93 59
33 54
44 90
90 10
2 100
26 76
99 14
4 33
26 57
62 82
61 96
50 20
70 72
39 79
78 97
36 37
21 35
57 66
25 46
42 94
12 68
69 77
83 39
76 75
96 37
56 22
33 72
42 2
10 47
47 54
10 83
91 31
17 14
63 42
60 4
2 38
73 71
14 21
10 91
96 72
94 18
61 26
90 2
95 66
16 41
20 26
90 77
23 7
91 53
15 51
23 17
55 62
55 70
83 31
26 45
2 19
29 63
12 85
32 6
51 48
14 37
40 3
13 63
77 4
82 59
21 5
76 76
67 30
11 16
61 37
61 30
23 56
93 35
40 91
7 57
38 21
94 78
92 7
7 68
11 89
26 99
94 69
74 27
65 86
43 93
89 70
22 11
25 81
46 31
72 54
89 76
41 48
20 32
21 27
67 99
82 59
97 76
27 71
69 59
22 11
51 10
47 39
22 38
19 34
69 57
54 23
100 96
38 19
94 59
46 26
58 94
86 54
35 79
91 3
3 12
81 54
23 27
93 45
65 79
79 0
1 100
90 67
95 27
86 54
53 98
47 10
92 99
30 26
77 21
30 47
33 10
0 22
4 60
67 35
4 12
1 72
11 92
39 72
85 24
92 37
89 38
47 80
36 78
72 80
99 68
26 98
45 93
20 49
52 53
50 22
31 52
95 8
43 33
46 27
23 38
31 78
42 78
57 79
21 96
24 86
63 50
50 7
8 70
56 61
22 6
49 20
58 43
28 67
42 75
60 32
79 91
9 20
35 33
65 56
28 89
8 91
4 58
99 13
27 20
40 15
93 89
1 16
99 30
83 6
71 43
4 49
100 81
69 34
13 34
57 7
89 65
64 94
89 28
6 15
49 12
97 7
0 99
24 65
95 6
72 65
15 42
80 82
22 48
15 1
48 72
8 3
2 39
97 91
67 69
72 15
81 35
23 47
100 13
12 94
19 50
24 1
92 3
83 81
17 64
82 32
2 57
35 4
96 31
62 62
100 100
44 46
34 33
93 33
46 71
93 31
20 16
99 79
19 47
59 37
11 6
35 13
29 70
84 91
0 11
19 66
11 63
78 11
62 70
45 74
41 3
71 27
20 70
5 5
16 30
8 94
3 43
73 32
12 57
23 79
34 42
10 11
71 88
23 99
24 34
72 65
37 42
58 23
78 30
29 95
60 37
54 63
81 27
62 59
50 51
38 84
59 48
62 29
2 85
27 26
85 65
57 21
6 14
11 51
44 40
11 71
43 65
100 90
92 27
49 7
78 53
92 36
67 53
31 69
3 24
61 88
89 17
75 62
99 86
12 8
92 23
45 35
54 45
24 12
72 39
19 50
92 77
52 25
96 84
94 99
7 55
52 63
38 27
24 2
79 2
11 37
92 56
72 45
67 62
57 39
1 77
55 59
53 73
84 49
56 44
13 30
65 66
59 2
59 83
5 3
51 83
40 42
38 11
87 72
40 44
77 7
87 31
66 39
70 16
54 93
60 68
89 24
100 47
93 58
29 64
27 80
46 68
88 51
45 74
22 85
84 99
58 70
96 91
76 65
6 96
23 32
29 11
22 28
58 14
52 53
79 80
99 91
13 86
41 24
26 29
9 9
94 33
46 55
23 88
20 29
83 9
27 79
21 49
6 79
30 25
99 75
71 97
65 50
83 73
74 8
1 49
84 96
83 29
50 5
83 36
35 32
12 62
10 33
78 83
78 7
7 76
82 44
73 46
94 21
18 68
29 87
16 79
48 99
75 64
4 57
67 5
89 79
33 99
11 10
82 55
17 55
31 65
100 70
11 59
91 96
26 86
48 9
64 96
7 38
60 78
62 26
49 50
4 83
15 82
93 63
36 77
17 67
41 83
36 18
8 93
81 34
78 28
9 8
24 84
12 50
61 74
76 10
24 46
59 39
27 51
68 63
94 85
97 1
34 99
86 42
92 66
42 69
95 52
43 85
35 56
34 62
29 76
38 19
21 97
24 14
14 92
77 7
43 73
75 77
72 61
85 29
93 26
64 87
44 7
37 45
63 37
7 58
12 11
78 100
8 1
13 22
94 91
96 36
29 37
79 67
98 29
96 90
21 26
43 66
33 46
10 62
84 84
19 96
96 63
62 70
65 75
58 24
31 53
60 61
56 4
94 19
33 56
76 54
82 18
86 81
30 63
42 13
46 27
76 7
91 37
43 55
78 0
79 9
20 4
36 76
75 29
96 7
85 71
27 32
55 13
12 85
76 54
65 88
48 6
62 38
43 4
93 87
5 37
96 92
41 31
67 15
27 28
89 11
99 15
10 19
95 22
71 70
43 35
24 91
41 86
28 50
56 87
2 27
23 99
18 30
96 86
11 22
13 66
0 79
47 10
64 42
99 34
78 41
35 1
98 42
53 25
58 9
78 61
36 67
25 55
97 20
6 74
43 86
5 43
30 53
19 95
95 17
95 38
59 30
40 56
38 59
48 97
34 92
23 71
59 48
92 21
68 64
96 10
49 67
19 46
19 38
40 80
56 0
18 81
30 24
2 35
83 50
31 17
8 54
54 67
68 11
88 35
75 49
12 90
16 98
35 35
36 41
82 92
42 100
38 38
23 40
73 72
57 70
89 65
90 8
31 57
19 85
59 60
34 71
50 50
68 51
51 70
93 32
27 0
98 65
38 20
5 78
59 28
47 13
93 37
22 90
60 41
74 18
1 7
55 17
23 90
68 75
59 26
73 87
93 71
51 31
57 22
75 15
16 88
96 8
91 17
64 51
24 38
69 92
11 91
8 35
80 43
76 38
35 14
91 28
85 8
25 8
97 100
90 13
87 85
88 78
68 52
95 93
90 29
50 0
19 25
1 99
34 77
3 69
58 60
97 42
68 21
16 65
87 6
44 40
57 31
17 25
83 78
84 72
6 33
39 26
24 6
91 58
84 94
27 41
54 90
49 88
11 32
18 64
38 62
3 61
94 87
52 76
64 35
14 71
35 19
63 25
25 53
84 8
47 77
15 67
66 31
54 43
63 73
7 67
34 10
94 94
64 46
70 27
81 50
64 82
69 26
7 94
80 57
69 93
33 50
59 99
81 79
42 9
17 15
42 18
92 36
11 55
82 47
49 28
97 12
77 65
5 50
59 85
6 94
43 39
43 1
37 91
46 45
100 64
60 8
82 52
44 59
73 92
6 21
86 2
0 62
34 5
11 59
56 17
52 65
56 95
32 60
85 78
4 51
7 31
59 89
49 2
48 21
60 20
9 45
22 9
7 56
81 85
14 2
69 32
67 91
27 65
50 78
42 21
28 16
18 87
4 67
55 18
54 14
38 63
26 27
38 100
49 18
84 30
87 52
62 19
43 89
84 59
67 93
46 61
8 64
48 79
30 69
64 51
84 68
13 76
95 52
75 44
36 58
74 23
77 1
8 86
91 93
10 23
51 57
84 25
20 98
3 17
67 67
68 16
1 47
92 96
99 66
5 35
90 45
24 32
47 32
84 3
91 95
26 7
51 76
32 37
74 36
20 40
69 54
56 70
68 13
32 66
79 37
67 34
49 57
67 96
56 50
99 12
44 91
20 61
66 52
65 39
54 51
45 23
72 67
59 39
80 91
71 58
95 4
93 43
27 25
38 83
75 2
96 86
93 82
12 24
33 43
30 54
95 75
43 32
8 1
37 88
59 7
46 53
78 4
96 5
96 100
54 70
1 15
21 60
97 0
50 97
43 80
50 3
21 59
35 29
60 72
83 18
46 28
71 23
99 32
95 60
31 49
97 99
30 17
24 27
17 41
90 27
20 5
30 7
64 66
2 90
3 86
8 49
80 45
39 45
44 33
4 75
48 0
40 79
85 30
72 1
71 61
95 58
32 25
65 96
57 34
85 60
19 59
76 65
71 14
9 14
13 81
55 62
81 61
40 65
92 78
33 62
38 27
19 70
18 51
31 75
85 82
1 70
41 77
0 11
57 10
92 70
91 46
31 37
7 37
69 99
81 1
26 18
95 12
54 13
63 85
54 13
67 55
49 74
98 49
51 54
25 42
24 82
88 21
19 61
25 88
25 5
55 52
91 49
30 44
28 93
96 49
72 28
70 87
68 68
35 18
21 61
60 11
42 13
33 27
41 24
81 66
29 35
84 19
51 13
30 45
72 92
94 9
19 64
96 53
98 31
71 18
58 97
97 66
9 29
60 16
53 40
83 48
76 32
34 93
12 64
37 84
21 98
60 40
27 55
93 24
52 29
8 76
25 4
8 0
100 68
17 18
7 66
33 49
64 67
7 76
97 11
26 17
75 86
23 1
6 82
92 59
10 66
0 1
37 8
1 2
42 85
21 50
16 54
65 81
87 39
56 83
50 48
100 24
33 22
92 6
70 49
31 80
14 31
81 17
40 48
20 82
100 41
98 15
61 29
62 47
34 18
29 84
32 95
74 32
83 31
38 52
80 69
98 60
66 44
78 72
92 98
20 57
38 84
73 65
79 34
11 12
18 6
62 17
67 35
49 49
32 53
67 11
21 64
72 87
7 49
59 65
46 45
89 50
28 61
81 7
61 58
19 46
30 82
63 97
83 78
11 15
30 78
93 17
7 64
3 81
79 28
45 91
73 33
6 1
60 87
75 88
44 94
100 40
41 62
36 24
5 47
5 35
91 64
52 98
95 21
78 73
16 90
30 89
89 36
56 49
23 30
2 33
91 1
74 31
29 76
21 34
90 93
69 80
57 87
44 51
7 21
90 23
77 19
79 66
56 0
81 45
98 83
44 88
84 84
85 79
60 6
12 15
65 47
95 21
33 38
38 40
26 28
64 2
13 8
68 35
8 14
46 5
97 91
59 46
40 44
24 100
16 36
81 81
83 76
69 15
80 73
22 72
67 52
75 81
60 8
15 34
23 28
40 86
18 99
32 58
8 22
24 24
59 4
72 7
46 40
90 93
79 11
64 46
63 4
93 89
80 74
22 69
1 28
54 19
27 52
44 1
75 34
26 100
4 98
6 51
3 96
9 48
73 73
94 1
44 86
90 23
26 79
92 27
6 11
13 100
64 57
1 4
91 94
3 61
57 9
11 60
72 20
74 44
60 68
12 70
19 68
93 11
46 50
39 19
27 52
18 57
75 86
61 31
79 64
92 35
40 70
61 11
56 35
21 15
69 100
85 54
68 43
66 80
59 4
99 87
56 84
43 97
69 71
27 48
34 18
83 40
88 44
17 44
79 39
25 13
4 77
67 72
86 32
52 45
36 16
98 58
100 40
20 69
77 47
83 11
32 65
17 19
75 35
29 19
74 21
32 78
64 100
16 49
98 34
94 34
50 91
58 16
98 79
51 74
92 33
51 23
98 69
9 39
3 38
58 43
25 91
87 89
90 69
38 87
2 98
87 19
89 11
35 52
56 86
92 13
18 43
37 82
78 46
20 47
50 79
56 76
69 42
64 24
11 68
77 80
66 30
99 20
7 33
38 29
18 29
42 2
38 45
85 82
91 4
28 41
49 84
83 84
93 12
7 70
47 51
49 12
47 48
99 20
81 36
49 66
65 57
68 70
2 52
51 93
23 80
100 38
29 48
22 21
27 96
91 74
12 40
86 59
54 50
45 34
86 94
100 16
51 34
86 19
52 37
78 41
83 44
80 11
92 1
100 18
63 56
92 76
62 43
0 15
93 46
50 44
39 15
61 56
15 46
41 68
49 19
8 31
63 54
9 20
55 8
39 18
64 97
60 93
6 60
7 65
5 23
9 11
5 36
33 20
82 75
88 31
94 63
28 22
16 37
42 38
11 81
22 42
44 82
34 16
41 41
81 13
65 56
91 70
92 23
90 40
98 44
71 57
6 65
79 22
2 21
26 13
68 48
55 78
29 89
94 37
97 41
16 61
63 6
97 55
29 52
95 94
96 31
16 68
96 62
57 98
49 83
78 83
31 32
61 26
88 20
63 84
27 79
10 91
85 6
45 81
24 5
40 20
36 56
54 31
84 10
96 32
94 73
15 91
71 42
16 24
28 80
74 56
24 50
12 76
56 57
22 47
28 62
67 64
84 87
61 68
98 22
66 57
61 47
47 99
89 29
22 17
75 63
39 100
12 51
41 35
74 63
82 1
91 14
31 74
0 58
7 98
81 40
20 41
87 33
5 76
63 28
59 37
57 64
2 69
81 43
3 54
72 85
21 62
65 18
2 66
76 76
29 22
15 50
30 2
83 35
44 11
29 69
15 86
32 17
21 12
27 24
32 99
76 53
27 40
37 29
72 79
4 1
1 87
17 98
89 66
32 99
78 28
67 93
80 65
76 0
77 2
92 8
68 33
27 95
39 64
90 11
42 60
79 9
46 62
6 0
27 5
99 71
100 31
63 79
96 5
46 38
7 3
46 41
36 39
35 41
69 91
18 78
51 97
87 63
58 60
64 52
65 28
22 64
60 52
8 21
57 54
60 30
57 72
38 59
11 73
0 80
30 18
57 81
82 10
43 5
70 73
57 0
1 80
30 27
98 38
14 54
59 74
50 15
46 88
41 23
27 41
69 57
59 93
3 6
2 12
12 38
52 69
38 53
14 68
46 11
72 26
31 30
0 48
46 12
35 53
35 28
94 70
51 18
62 20
25 30
33 37
68 85
72 72
3 87
5 15
64 78
41 96
7 7
43 19
19 44
72 20
39 65
91 56
50 18
77 41
49 76
78 83
60 15
55 29
1 60
10 66
3 17
27 11
25 36
30 10
46 69
98 85
100 54
41 49
72 84
90 87
59 33
70 85
49 91
80 16
16 90
48 20
6 75
31 98
10 27
8 23
96 72
7 62
25 14
10 97
98 67
50 22
66 19
6 14
76 52
98 92
41 45
11 14
20 8
11 97
2 86
19 98
57 94
25 48
74 36
11 38
69 61
60 34
80 33
49 55
85 46
12 93
57 24
6 77
99 84
40 0
36 25
65 59
18 90
7 59
25 18
97 60
45 22
95 91
55 9
45 6
21 23
99 78
47 71
21 12
20 61
12 56
86 77
82 71
67 55
96 58
73 92
18 84
13 12
74 35
88 18
41 8
7 5
86 21
76 6
33 62
67 45
18 19
89 66
56 55
20 51
79 59
8 63
42 21
41 15
22 28
100 29
36 6
34 22
27 76
28 60
4 62
5 22
47 60
54 69
81 74
86 59
32 94
22 74
81 29
89 3
58 54
99 94
60 33
82 88
75 77
47 79
38 18
67 51
44 20
19 24
60 71
84 92
64 72
31 44
0 86
13 24
39 12
18 100
11 66
53 52
42 66
98 46
51 64
97 95
51 82
19 10
52 2
69 15
40 66
26 6
52 39
31 57
17 15
56 95
81 75
47 23
41 44
69 92
74 32
86 24
13 4
1 32
73 36
47 79
1 39
86 19
45 16
77 28
98 99
23 78
74 70
0 14
13 36
72 87
68 57
78 47
28 45
79 0
81 93
46 48
31 31
68 42
13 10
71 10
8 94
54 48
63 21
28 42
57 100
28 91
57 72
37 85
16 16
51 97
8 97
11 39
94 79
48 73
89 18
83 63
11 3
11 74
24 39
82 47
5 9
37 62
48 74
12 64
90 29
27 64
93 38
3 86
83 51
25 71
35 7
100 46
10 77
86 0
83 67
47 88
42 84
15 90
58 27
20 13
22 47
78 14
51 47
67 33
64 92
70 99
65 35
10 42
12 96
8 95
62 56
48 70
39 63
60 63
56 46
43 78
93 20
59 9
33 92
8 97
49 78
61 80
79 71
88 91
66 97
51 94
52 99
63 57
61 89
20 83
34 29
61 93
15 86
68 48
77 76
10 92
19 71
71 99
41 59
89 73
21 6
32 73
4 61
29 32
50 15
14 50
44 41
43 25
26 10
73 69
53 83
26 72
53 98
70 60
22 59
99 43
65 30
82 35
92 10
67 7
93 48
57 2
89 66
28 15
43 0
50 96
50 77
67 69
40 37
29 62
62 27
71 93
24 52
27 82
28 61
89 87
8 11
56 63
78 84
78 20
50 95
82 66
71 48
35 10
51 30
38 12
57 75
4 47
93 99
28 87
25 83
74 100
61 29
62 38
79 6
24 95
0 5
27 71
19 62
47 71
92 85
49 14
59 54
62 51
18 56
37 9
5 77
8 66
72 70
70 16
42 60
78 42
31 4
12 16
66 59
87 23
9 36
37 34
56 65
85 40
88 89
49 59
31 23
24 3
59 60
19 1
86 63
43 16
67 22
32 32
47 86
21 57
21 59
91 43
90 42
83 77
97 98
35 27
20 25
97 79
51 83
80 36
45 23
52 12
11 51
10 58
36 32
81 23
57 38
32 46
46 14
23 42
11 24
35 98
50 99
76 67
81 56
3 25
45 21
3 22
72 81
80 74
79 27
63 35
65 95
47 10
75 36
18 86
61 19
49 77
17 25
43 98
47 46
90 58
34 59
80 5
39 25
46 17
52 75
18 83
70 66
59 10
1 43
63 28
29 11
71 46
36 14
10 49
26 66
6 60
24 52
32 30
78 44
47 96
18 32
45 54
64 70
65 31
13 27
60 42
38 97
54 41
77 64
90 70
29 63
96 20
14 27
50 92
37 63
54 22
95 65
76 58
34 6
56 13
100 82
21 4
78 76
45 55
5 0
24 35
63 19
21 78
13 71
35 16
33 55
38 28
19 81
52 20
53 74
33 53
55 55
23 33
97 68
54 1
34 78
2 98
63 23
41 42
94 76
59 27
98 63
21 83
43 39
2 63
13 36
15 34
57 38
67 53
72 87
20 72
30 23
35 94
12 76
1 6
18 26
100 15
90 87
98 99
92 67
27 71
69 42
5 25
46 38
44 84
25 64
22 55
53 57
14 66
33 83
38 17
8 37
32 64
90 96
29 47
62 56
18 30
65 90
21 77
94 31
27 18
96 49
40 14
5 20
80 4
69 84
21 44
87 53
74 76
15 2
90 43
25 7
40 56
63 27
99 56
59 25
41 54
74 47
34 46
33 81
50 2
64 72
46 51
91 19
93 72
89 82
15 80
55 21
1 17
48 100
74 6
25 81
26 65
27 61
77 60
41 27
28 71
65 74
21 55
60 81
94 14
62 8
60 17
96 61
0 43
60 40
50 51
20 42
83 47
2 59
74 9
52 1
81 83
42 68
38 68
48 31
82 77
5 41
60 0
1 60
9 27
0 25
45 87
68 27
0 36
52 74
46 71
41 93
53 83
26 57
16 75
54 98
17 25
4 77
92 72
2 1
100 69
26 10
56 94
37 56
97 55
96 42
25 36
0 79
86 26
1 1
67 56
66 84
81 70
26 73
8 96
74 74
64 66
84 19
26 20
41 22
41 36
30 67
73 30
11 24
56 12
25 23
68 57
73 15
94 66
88 1
61 27
75 24
93 24
10 85
44 51
6 51
54 36
17 26
32 95
50 89
7 41
78 41
99 16
56 92
82 43
59 8
36 100
100 29
23 76
80 33
93 87
84 46
89 1
72 21
62 88
76 69
96 19
10 60
35 32
17 84
42 76
92 78
75 57
73 98
32 53
30 25
39 13
37 94
81 9
14 43
63 90
78 24
8 54
84 10
87 0
94 28
76 51
72 16
75 45
13 73
98 9
98 2
90 35
96 36
10 77
45 39
32 23
64 7
43 47
84 29
14 43
23 90
94 96
73 34
40 86
7 3
62 71
5 51
5 67
53 82
9 99
88 42
88 51
15 30
64 99
26 78
41 15
34 0
10 6
35 16
58 42
19 86
79 91
2 85
24 56
32 33
20 19
41 74
36 22
3 67
20 96
10 61
11 10
28 88
83 63
4 41
71 90
93 49
47 96
100 37
51 99
36 37
84 78
10 87
100 80
53 87
76 63
13 53
40 41
6 22
70 77
63 6
33 56
56 80
17 21
16 68
86 52
71 70
96 81
56 62
60 75
48 1
3 61
20 43
2 27
66 38
70 28
45 2
50 67
82 67
54 64
0 40
83 37
76 44
17 31
5 44
72 53
11 75
81 99
18 49
92 84
87 61
78 31
64 95
64 11
27 18
42 95
58 24
31 100
68 49
97 40
59 68
93 36
42 39
34 60
88 25
9 41
53 54
38 16
48 2
94 75
87 35
69 10
25 0
9 94
15 5
100 40
73 58
76 14
98 10
41 51
1 16
92 54
70 30
36 84
99 30
59 85
65 94
95 57
60 3
50 41
8 15
81 81
73 57
61 70
33 68
21 0
85 79
21 20
8 57
4 73
53 29
57 85
89 51
41 49
20 57
90 28
72 37
75 44
60 2
81 59
70 1
59 20
46 46
7 21
3 11
94 22
6 51
6 95
68 47
9 55
3 66
49 41
2 24
86 28
93 66
87 28
33 45
15 79
58 22
66 61
100 60
83 5
77 56
66 10
2 76
65 73
7 14
13 9
4 65
37 63
97 90
91 96
0 5
41 58
94 6
18 93
66 68
64 8
23 97
19 92
38 50
30 45
64 10
20 34
75 23
97 38
12 54
33 12
25 74
71 19
81 55
11 12
89 42
21 78
38 40
70 42
90 66
87 20
76 6
20 17
96 84
55 7
37 54
19 62
28 56
81 75
11 59
87 100
67 7
44 71
13 13
12 70
79 99
56 21
71 76
38 66
59 59
39 62
79 24
24 6
81 71
47 58
96 0
23 28
7 67
99 88
80 10
57 25
75 12
12 11
54 16
43 80
41 82
41 19
6 31
93 53
2 39
10 64
39 33
93 13
0 57
67 46
68 23
37 8
1 15
87 21
31 29
0 72
78 42
58 50
73 50
2 41
55 12
72 95
11 64
74 11
20 40
24 54
29 27
29 97
43 15
17 74
10 18
12 88
26 70
37 65
19 5
73 40
17 44
