168
80
143
169
74
92
85
117
135
105
40
96
167
79
126
87
61
168
16
61
94
117
89
44
43
124
130
75
57
170
23
74
54
20
74
60
67
80
109
44
137
67
19
94
60
124
83
100
137
107
136
144
143
90
111
100
68
112
73
96
166
47
83
83
101
27
123
170
92
79
91
182
43
78
95
113
125
107
39
124
46
39
54
31
66
114
121
149
19
111
132
108
183
162
103
126
102
49
139
34
122
127
143
71
99
42
103
85
28
170
63
146
125
19
106
65
68
169
31
171
185
59
61
103
123
88
99
82
94
84
122
126
106
132
63
30
12
67
133
29
73
72
183
128
121
140
58
130
55
64
95
65
84
113
99
103
57
145
93
146
182
54
81
102
144
53
127
110
81
159
63
152
134
124
65
140
118
117
76
33
151
22
137
85
87
129
104
100
141
163
57
117
93
139
151
156
190
176
42
108
102
110
83
141
32
61
102
164
109
96
105
92
94
152
92
64
94
131
118
64
72
37
100
100
0
102
178
97
59
141
173
76
77
6
76
143
94
153
79
102
113
183
95
60
127
104
34
129
18
105
36
141
59
90
110
149
93
112
142
140
35
97
121
80
92
133
31
57
97
161
36
62
137
81
76
77
61
45
31
85
76
50
88
96
53
57
96
117
125
77
149
109
93
55
79
46
89
127
103
93
111
111
170
104
157
59
134
79
121
83
73
119
124
70
100
149
45
149
119
106
132
46
132
88
125
117
65
126
112
115
90
19
154
148
86
114
83
12
149
131
70
137
48
22
121
71
30
111
91
22
76
91
160
36
168
113
81
105
176
87
163
105
148
143
139
112
98
104
136
96
140
106
56
47
68
58
57
156
179
73
94
163
117
147
105
85
183
62
133
67
174
96
121
99
80
114
120
62
174
152
82
187
26
100
54
192
191
191
70
142
126
21
62
46
91
78
101
102
144
118
99
124
127
63
67
146
91
103
49
188
79
111
127
37
78
133
28
63
134
17
130
126
129
71
109
49
122
32
37
117
125
157
69
107
78
137
53
91
156
91
152
50
100
19
119
118
83
61
92
155
56
141
83
157
92
101
86
115
65
54
134
126
112
34
152
106
178
150
177
165
83
44
46
120
57
94
77
72
69
58
92
60
176
163
79
52
89
64
119
45
157
30
123
120
107
77
40
167
146
131
86
154
143
74
32
67
157
120
99
171
150
103
84
135
130
118
147
155
188
116
113
39
79
81
97
183
63
65
51
107
129
61
94
97
76
65
92
56
96
115
154
35
146
128
97
42
157
134
118
29
106
113
64
34
106
150
110
175
82
49
134
103
94
138
130
170
25
131
83
80
113
113
112
109
85
172
182
106
175
151
75
137
99
122
64
137
131
130
134
68
127
69
78
47
116
87
115
157
22
61
113
161
144
118
160
127
125
160
169
153
104
106
129
132
106
102
20
93
184
173
96
161
125
86
25
6
109
180
106
86
33
62
147
150
65
104
150
78
81
97
66
101
115
43
88
131
80
107
79
155
107
102
119
128
73
138
127
113
83
125
83
124
113
87
84
67
96
45
113
113
95
23
20
126
91
107
139
101
26
75
94
135
109
137
50
72
64
99
98
153
74
94
88
162
149
89
76
132
168
70
115
61
138
129
150
54
71
135
108
104
165
97
115
89
60
31
67
52
117
137
126
87
138
120
150
100
81
117
157
110
198
125
97
33
156
77
94
143
118
74
49
77
135
92
98
141
39
57
105
148
93
172
122
14
73
105
94
119
108
119
176
98
87
114
179
83
185
55
66
110
124
59
128
79
51
172
54
104
123
97
111
170
134
132
23
137
120
98
72
148
139
82
86
65
69
107
108
106
130
72
76
33
102
108
72
131
72
67
164
133
126
44
147
72
85
95
151
121
158
159
48
138
133
43
34
194
79
91
153
133
72
63
88
174
78
73
186
44
114
110
94
74
39
163
94
94
54
154
73
87
156
74
70
121
104
97
31
170
100
61
58
125
43
153
68
199
99
60
123
83
75
123
81
77
122
174
91
191
140
117
13
129
52
45
134
32
174
81
45
133
94
44
167
85
109
112
83
100
127
40
104
135
161
129
105
172
165
115
115
135
134
77
119
149
51
104
60
164
85
58
151
153
111
177
167
47
89
114
99
49
15
38
90
128
92
164
81
88
183
81
72
146
85
65
185
66
134
175
104
97
87
35
76
157
84
104
99
82
105
166
127
87
67
114
95
131
138
181
120
135
39
92
185
18
51
176
81
136
121
84
