43 59
56 30
8 14
77 74
51 8
24 34
17 88
64 18
59 20
33 57
31 100
54 27
92 4
97 26
84 96
1 26
20 57
56 95
37 100
34 88
7 24
21 24
12 85
8 37
71 7
61 68
74 14
95 65
18 58
91 68
19 58
61 5
81 16
100 17
15 100
4 89
24 92
79 2
76 54
39 13
61 100
81 0
13 42
65 99
100 22
66 85
80 26
90 27
9 89
44 91
88 49
46 78
6 24
80 83
44 19
62 5
85 8
72 65
50 3
63 15
25 95
100 71
21 89
98 97
43 8
87 98
23 99
75 29
90 55
78 33
40 39
4 24
14 77
55 30
80 17
46 71
79 11
7 66
67 72
62 76
80 14
73 69
13 14
98 2
69 76
35 75
81 40
65 95
83 20
92 28
3 37
99 82
14 72
47 47
43 75
23 89
90 96
57 69
9 21
71 44
97 72
18 43
78 50
4 60
70 96
54 39
99 18
88 12
91 0
60 100
76 49
89 31
44 11
100 20
32 36
30 95
7 15
38 52
65 8
78 0
3 32
5 68
50 93
46 40
94 72
6 35
20 95
32 31
5 98
51 4
33 81
99 6
62 2
58 26
10 36
93 80
34 99
47 84
91 60
91 50
31 63
51 52
57 49
83 28
46 100
32 79
46 98
86 8
100 9
0 77
11 94
56 45
58 70
96 48
29 52
65 60
14 82
78 37
31 26
31 77
25 64
22 38
27 74
46 26
83 12
2 61
5 25
72 63
61 67
78 90
85 8
15 65
56 60
68 53
86 100
97 11
29 18
49 56
92 61
48 40
73 17
67 45
42 39
74 69
72 17
24 57
25 39
88 48
99 56
0 51
55 97
62 84
81 77
5 72
3 53
79 76
70 45
87 78
50 61
12 22
78 36
45 70
42 32
17 40
54 17
91 75
81 18
24 61
61 29
100 64
49 44
40 85
55 93
29 5
53 41
27 31
78 38
67 19
70 84
25 91
67 83
65 47
67 90
75 28
85 74
92 33
84 98
85 38
91 13
43 43
54 36
40 31
74 6
50 10
56 42
0 90
24 31
2 91
87 77
85 38
16 77
37 100
74 21
4 30
34 47
40 89
50 46
86 90
53 2
100 75
44 66
64 34
64 67
24 50
43 76
88 26
52 25
92 92
46 96
89 47
9 28
35 59
74 20
48 93
22 14
68 32
80 31
66 43
64 57
60 74
32 13
100 50
4 91
41 17
87 29
64 96
23 65
20 98
85 34
90 74
48 23
72 95
55 38
3 85
61 63
58 93
77 57
42 81
14 49
64 0
79 27
62 1
92 48
65 43
82 55
83 97
78 54
91 99
92 94
50 52
23 7
10 66
65 18
12 45
68 77
11 12
3 73
80 62
87 45
4 34
66 87
30 9
6 87
75 65
47 24
16 70
31 94
35 62
11 13
6 79
90 17
57 60
56 37
21 42
48 25
43 13
78 73
22 84
60 97
48 6
20 31
42 18
91 43
80 1
56 53
47 46
70 70
5 93
6 93
0 54
84 43
33 61
16 56
10 42
18 25
14 5
22 22
90 12
65 69
80 20
88 93
32 58
63 3
16 35
96 16
90 79
60 22
5 76
44 83
84 29
74 98
34 96
19 23
7 50
58 53
70 46
46 69
70 75
72 86
9 34
1 65
79 61
88 51
2 98
33 52
26 6
49 26
68 34
15 75
50 40
94 20
52 5
55 88
80 26
73 90
26 40
54 5
68 7
56 36
72 89
89 64
61 3
57 28
38 38
69 54
78 28
40 96
34 95
83 13
88 55
69 13
62 90
18 29
63 74
65 34
28 53
99 55
57 21
83 61
59 17
14 37
46 55
32 80
49 15
59 2
36 28
16 98
84 34
93 46
75 24
81 2
43 45
58 100
66 6
26 24
24 7
27 36
28 26
15 43
7 74
46 9
68 62
74 51
96 66
98 70
56 44
39 100
55 63
65 20
69 92
10 59
65 4
95 93
97 76
35 3
16 81
12 50
42 86
1 4
18 65
74 74
75 79
73 29
7 38
15 77
96 92
1 60
96 63
52 58
4 87
61 20
68 40
71 76
92 38
80 9
2 20
50 77
99 22
72 6
26 87
49 88
78 16
47 40
45 65
98 50
52 25
70 86
31 6
27 22
44 7
99 12
27 48
55 92
36 26
64 29
79 79
16 57
62 64
63 6
28 26
56 46
51 93
98 48
99 25
71 9
99 35
88 25
49 43
83 85
69 13
80 14
92 97
71 53
26 33
60 20
25 82
33 77
74 30
24 39
21 61
14 19
62 1
10 10
44 94
62 80
6 41
94 64
3 30
84 29
29 9
50 54
91 83
97 31
79 88
70 0
48 84
86 10
85 97
87 96
56 48
75 28
56 34
58 59
64 41
89 93
50 4
12 41
53 9
38 31
97 74
98 44
23 84
20 74
46 74
69 1
21 9
96 77
43 53
2 73
95 91
31 44
95 44
51 47
53 89
44 49
62 42
59 51
92 46
25 37
19 94
38 6
3 100
84 12
52 86
86 46
42 16
57 2
26 74
15 79
29 59
27 57
0 53
8 58
99 33
95 17
26 99
23 96
98 73
8 50
24 60
62 66
42 18
68 69
59 49
13 88
8 41
44 75
60 52
33 58
85 27
75 11
26 64
73 90
37 47
39 27
73 68
94 15
52 27
50 10
77 63
98 51
70 42
92 29
94 24
53 45
18 27
22 10
58 95
100 61
42 5
88 81
73 47
96 24
75 11
35 17
41 99
34 77
40 25
73 0
16 25
11 34
19 33
10 43
94 9
3 35
81 91
16 53
38 78
44 79
56 45
96 63
43 96
39 50
20 78
50 36
70 61
36 89
60 46
31 53
22 0
55 2
91 37
22 95
81 32
73 36
77 34
99 86
29 4
35 16
48 51
52 17
78 55
5 37
0 2
91 89
2 11
58 60
48 46
54 28
78 94
31 20
27 96
5 23
66 7
39 14
58 57
31 36
11 3
73 79
5 29
67 75
40 24
0 54
70 20
49 13
13 80
100 7
75 5
30 41
12 69
21 36
92 52
72 3
55 11
82 27
6 14
68 47
39 34
67 75
54 15
55 34
61 54
41 36
25 71
43 3
5 64
40 97
82 78
66 37
89 47
30 96
62 98
8 67
31 75
7 51
57 62
85 17
16 25
19 7
62 62
11 67
92 17
30 74
95 96
77 84
9 6
79 37
70 53
3 0
27 10
51 50
39 36
68 55
27 87
28 90
15 39
22 6
22 52
46 17
14 89
0 90
95 45
26 30
98 29
30 91
5 48
41 44
50 75
65 77
61 94
66 76
99 55
49 21
73 61
38 87
16 4
76 77
15 1
7 12
97 37
69 2
51 76
46 0
16 78
78 78
71 9
19 35
64 34
56 37
62 60
90 78
64 66
54 79
33 61
57 97
65 93
99 15
34 10
16 51
88 60
95 24
35 13
60 100
14 82
2 76
42 92
19 72
23 73
51 23
0 74
19 65
66 17
46 0
94 62
51 48
88 45
38 23
24 64
89 38
46 91
80 88
48 99
59 72
38 76
61 38
50 80
2 82
63 48
82 56
77 99
70 30
9 8
53 0
72 7
4 17
64 85
71 12
49 97
50 87
38 10
91 88
90 59
70 52
74 17
74 16
83 44
46 92
52 66
58 90
73 63
74 37
13 44
15 62
6 65
15 45
75 72
99 30
31 34
82 71
18 21
87 0
65 99
58 83
64 16
39 3
79 12
6 58
22 21
19 29
52 0
40 93
73 4
22 70
39 70
40 57
91 26
23 22
24 47
4 55
63 9
24 7
21 30
65 44
17 51
39 69
17 45
61 56
49 83
25 88
18 65
10 8
57 100
30 48
47 1
69 76
10 93
84 32
89 14
42 5
31 47
74 49
92 0
4 40
49 97
95 67
27 71
75 51
71 72
99 84
73 33
59 49
25 8
47 13
90 89
85 20
1 24
35 93
24 6
33 39
2 94
5 96
64 46
46 34
84 10
17 22
43 43
72 34
51 18
13 6
74 98
27 75
21 28
34 11
34 67
50 2
60 21
65 90
68 10
24 51
21 7
74 30
16 11
31 34
96 44
40 69
8 33
10 29
62 44
7 62
77 57
31 2
79 96
92 12
5 82
29 93
90 69
90 72
80 20
5 76
30 46
10 38
79 20
68 6
30 41
69 6
98 100
8 42
95 67
20 66
48 16
59 3
85 48
76 31
34 81
73 64
93 83
2 72
70 36
78 100
77 12
73 40
11 47
49 72
13 69
38 62
51 63
65 36
77 40
67 10
88 5
40 80
88 8
17 57
44 62
23 87
74 96
94 52
8 42
90 22
77 94
84 28
56 14
30 32
55 63
8 8
68 15
54 55
23 72
79 34
100 68
87 39
29 80
57 37
21 47
59 65
40 8
59 63
23 89
95 44
51 70
52 85
85 72
39 74
43 84
7 8
17 95
48 46
40 4
50 62
17 75
93 58
84 51
20 73
5 81
16 56
16 34
40 67
5 45
41 15
96 14
23 12
75 37
25 15
42 75
43 59
15 35
83 99
52 69
71 57
50 53
79 66
53 85
100 25
29 40
40 91
20 29
70 96
67 61
10 75
1 19
100 16
54 83
15 72
51 52
28 67
72 6
100 24
91 99
49 86
4 55
43 24
51 12
86 84
73 96
58 74
14 23
56 34
72 71
5 90
90 100
56 61
72 55
51 28
19 67
14 23
21 57
14 38
35 100
21 74
62 45
47 42
69 69
77 6
40 48
96 96
14 52
22 86
73 39
14 59
5 95
48 94
17 62
31 52
28 19
25 90
64 38
98 99
6 40
5 12
89 67
74 69
85 96
54 58
35 34
83 6
28 30
100 45
93 98
63 87
16 88
42 46
92 39
11 65
80 83
77 34
49 51
2 34
12 22
58 13
57 40
20 85
70 86
97 28
83 59
14 99
13 56
11 4
96 22
69 41
4 12
75 53
29 43
53 41
65 10
21 88
50 41
39 20
26 35
48 76
60 63
40 73
85 51
44 46
73 12
87 43
91 27
97 19
36 49
27 1
26 48
55 76
89 94
96 81
28 10
56 89
39 63
27 23
13 71
36 53
84 22
96 74
16 58
60 52
74 87
19 100
34 75
75 89
68 37
69 63
47 92
51 86
54 78
75 33
49 10
86 99
100 82
38 82
39 98
33 79
84 53
78 84
27 53
72 61
56 41
23 2
99 40
54 52
85 95
85 100
72 37
98 37
18 1
18 23
66 51
2 49
70 80
100 63
99 71
24 20
11 47
89 76
54 8
94 38
3 45
37 41
82 0
78 66
1 96
89 67
12 57
83 83
3 82
11 68
52 35
89 30
49 77
72 2
86 66
40 55
10 77
96 92
77 39
57 44
0 11
78 12
69 60
61 38
7 73
5 59
74 94
55 22
37 27
24 22
59 64
43 69
6 38
26 49
77 49
94 43
60 37
21 95
97 83
32 3
21 4
28 61
98 50
84 0
43 7
22 1
38 65
36 10
69 62
60 11
77 19
54 2
56 76
98 18
24 96
88 11
66 82
72 30
31 21
30 74
29 19
41 33
84 77
43 19
4 69
97 81
54 51
84 76
93 47
94 16
8 81
94 75
63 65
4 60
53 34
0 48
53 41
81 3
85 90
89 89
25 85
36 79
35 19
55 94
32 14
9 40
96 69
14 24
0 85
84 53
19 50
0 38
92 47
41 42
36 29
97 61
14 32
6 15
17 27
9 49
41 85
90 36
54 70
26 20
55 77
73 74
26 39
11 84
86 19
25 21
14 22
49 95
20 21
10 38
48 86
87 89
70 76
92 90
12 84
9 67
60 48
6 87
87 84
70 72
2 62
60 84
84 75
78 3
96 88
41 9
73 95
64 9
70 55
65 82
5 41
14 65
89 20
51 42
4 88
80 73
49 39
56 99
80 34
68 41
88 9
50 27
70 81
36 39
1 67
88 6
7 68
72 63
89 89
4 59
76 50
31 91
90 88
89 35
88 57
77 75
32 93
1 1
73 3
6 75
71 60
47 44
28 18
73 83
7 43
41 49
94 72
6 83
25 95
84 79
17 60
54 15
19 21
83 58
25 90
99 62
15 46
72 9
30 45
92 37
88 32
53 81
71 59
29 62
19 13
41 3
39 61
18 24
82 1
83 73
57 47
0 72
93 73
82 23
84 39
26 71
72 45
18 8
3 13
70 90
26 77
93 32
37 10
22 19
78 71
58 34
18 59
73 10
98 54
100 81
59 26
17 97
71 1
4 41
15 41
30 7
17 89
5 55
65 28
40 43
99 64
77 16
22 49
94 86
69 93
32 28
85 16
91 22
17 96
63 99
2 59
6 19
13 11
40 78
5 46
20 71
10 64
87 99
79 46
85 48
39 83
42 23
99 32
11 83
94 40
81 96
99 53
82 78
31 21
56 36
34 76
6 44
5 60
8 85
5 59
99 44
42 6
34 40
4 11
89 99
52 70
60 16
22 41
95 53
29 50
56 63
92 62
73 98
88 81
82 94
40 80
3 48
86 3
54 90
15 43
54 67
12 14
83 0
55 77
54 50
93 9
12 85
37 85
82 25
32 29
85 38
8 88
86 60
92 39
15 73
82 70
5 60
84 88
61 4
31 81
55 23
56 33
74 93
85 55
84 16
50 68
20 58
22 5
17 80
10 100
52 93
69 57
18 18
10 79
89 7
25 9
98 81
43 71
40 94
93 90
76 42
58 96
0 46
67 84
25 77
83 43
35 17
66 54
35 76
99 91
84 91
100 81
71 8
17 77
1 9
67 77
52 91
38 18
36 4
68 61
82 17
70 83
34 35
36 36
77 1
26 26
92 25
73 28
34 91
5 1
66 72
79 17
62 16
1 64
88 36
91 69
53 60
51 53
61 54
89 37
21 81
64 12
73 2
6 6
93 11
74 59
49 18
42 10
1 10
74 89
46 64
57 65
90 74
17 50
94 73
88 14
19 17
93 92
19 100
64 79
77 38
3 26
56 11
2 57
21 77
45 33
6 68
98 63
8 82
12 68
20 66
83 39
49 41
31 35
40 61
13 17
99 16
43 21
27 45
78 15
88 90
48 61
23 12
90 98
60 68
66 46
34 48
85 49
55 82
84 96
43 97
79 7
79 88
28 73
99 73
54 87
62 68
13 51
80 2
49 5
70 14
51 70
28 2
19 83
50 69
78 59
32 22
67 10
9 61
49 8
33 2
61 61
71 74
12 16
42 61
22 78
41 39
14 69
7 100
51 58
68 96
83 100
17 49
77 94
77 92
1 9
61 62
71 31
1 49
13 9
76 1
53 16
41 67
85 14
66 1
72 0
97 55
66 81
70 42
74 46
0 41
22 61
69 59
92 36
7 71
45 83
73 64
99 80
31 49
94 63
50 32
63 13
53 96
60 89
37 100
1 37
40 23
98 75
82 55
10 55
26 21
37 65
85 1
44 15
16 3
45 32
35 74
45 54
69 4
43 73
3 44
76 9
33 40
84 14
95 94
35 87
14 38
17 66
39 61
47 21
31 92
53 32
66 99
87 0
69 96
73 39
39 49
48 72
89 99
52 49
58 87
2 39
24 19
4 29
47 51
50 78
43 69
9 75
67 96
75 2
91 14
41 96
29 55
33 17
19 85
32 78
37 34
16 27
54 20
56 0
37 72
44 46
41 53
20 74
15 62
42 5
42 49
68 71
4 0
54 23
52 86
67 55
20 83
83 40
69 4
6 73
43 50
18 50
69 39
23 84
67 66
56 8
81 23
79 85
90 99
75 7
84 7
63 70
57 11
9 92
15 82
64 24
98 83
74 67
88 64
50 54
96 5
28 76
95 73
27 51
71 68
58 20
75 87
91 31
98 66
23 80
48 87
3 45
69 44
11 22
7 28
42 2
100 70
44 95
8 71
45 79
38 2
100 13
56 56
44 53
21 33
99 35
20 2
81 55
12 58
44 19
52 86
88 52
22 31
46 30
2 57
76 40
25 41
19 81
97 30
34 84
63 32
19 49
0 66
71 12
23 14
98 76
100 85
94 21
83 39
52 85
96 94
91 87
34 77
68 30
6 68
80 69
100 99
85 67
64 55
45 54
69 43
96 68
94 89
90 76
27 7
60 89
0 17
75 0
94 8
97 100
76 76
34 42
75 18
8 38
73 19
58 41
62 53
76 56
41 31
31 34
4 58
89 4
41 64
71 34
38 67
100 14
42 100
56 16
18 30
21 57
49 79
99 78
99 40
100 39
71 97
40 75
20 28
45 61
58 82
61 97
48 26
10 56
26 32
39 44
28 60
0 43
4 65
87 69
71 86
8 7
49 14
48 69
42 93
30 0
40 57
63 88
84 39
44 9
71 83
19 65
8 86
74 79
51 61
48 88
46 22
96 95
36 43
30 78
2 26
44 42
83 6
30 66
45 40
41 82
89 60
12 97
12 87
41 63
47 89
16 59
10 11
20 12
55 50
91 57
76 0
99 24
7 95
57 18
0 98
0 89
24 12
51 36
99 93
65 11
47 81
71 58
59 57
36 13
6 26
36 48
94 0
72 0
96 95
85 62
59 85
17 49
64 68
51 28
26 15
40 74
62 77
98 20
33 33
100 5
26 35
53 19
36 91
86 98
52 70
59 10
21 76
59 85
10 9
79 36
91 85
9 18
61 6
5 60
6 4
65 32
6 84
51 42
41 36
39 93
72 64
69 93
6 94
43 16
2 22
18 59
73 28
43 0
0 48
60 6
19 92
38 25
41 55
67 82
57 72
40 29
1 8
88 7
68 31
90 36
19 75
95 92
69 38
92 69
52 18
42 71
9 46
96 16
68 28
65 24
100 4
19 68
80 7
41 47
38 31
84 57
5 44
14 74
48 6
8 0
91 16
37 66
63 33
82 30
61 46
20 27
17 40
95 97
47 35
9 85
32 59
7 3
70 21
43 17
94 18
84 84
34 88
15 63
87 98
93 47
9 80
40 26
19 0
89 32
2 65
83 34
23 56
4 59
77 47
77 37
65 26
87 100
80 2
62 66
66 21
80 75
67 19
1 52
87 90
84 89
54 66
89 44
21 93
2 64
6 45
67 71
38 54
36 17
22 65
84 88
52 29
62 85
14 63
36 0
19 19
89 39
51 44
83 38
36 52
68 8
63 35
46 0
55 48
85 77
12 34
64 30
63 25
14 77
55 50
44 40
35 99
79 52
42 28
90 45
46 58
53 8
59 65
76 13
13 26
90 92
60 19
22 89
10 2
31 31
19 41
71 20
40 50
73 48
44 28
93 90
86 12
64 10
77 39
23 90
65 79
82 91
98 70
45 75
38 43
5 57
84 77
44 23
93 16
38 2
44 30
92 97
8 21
6 86
61 30
41 92
75 89
49 39
24 94
13 63
2 85
86 87
27 29
76 86
11 13
88 22
10 45
18 18
67 91
70 94
87 78
85 62
32 100
0 57
60 80
86 62
64 37
14 92
33 57
77 44
36 65
66 46
9 50
31 42
41 67
35 27
44 87
55 77
86 55
100 45
34 85
7 99
21 21
56 54
78 32
65 14
63 97
26 39
13 23
81 54
91 16
47 0
2 69
43 54
23 42
100 24
93 6
89 81
94 44
34 38
42 65
18 5
28 44
44 41
68 91
61 24
6 74
24 75
42 68
29 32
9 95
56 69
0 10
49 60
20 83
98 28
14 82
33 42
93 43
83 26
34 9
50 6
83 74
48 25
7 43
57 84
37 79
52 3
55 0
63 75
49 27
2 63
8 2
71 67
45 53
93 45
28 42
52 11
83 66
36 90
8 59
73 45
3 24
48 58
24 77
99 74
70 67
2 45
69 74
11 81
93 4
92 21
12 9
32 95
75 34
51 83
59 90
94 62
14 7
19 4
85 84
44 20
50 13
65 86
87 77
66 45
47 57
66 59
33 64
20 7
64 37
91 22
26 50
84 6
58 69
11 8
52 21
28 69
0 60
54 53
2 19
99 49
42 30
74 75
61 60
49 24
97 39
13 23
55 63
29 12
99 6
20 50
95 15
85 95
75 38
48 77
57 46
25 66
42 65
6 2
25 55
94 88
60 6
10 15
35 40
94 33
12 14
50 6
96 34
68 70
73 15
46 96
27 37
27 69
68 34
38 93
55 31
81 82
3 57
63 38
63 56
72 76
36 21
48 31
21 15
0 94
97 12
90 23
49 83
59 84
16 97
76 38
94 22
19 97
46 82
0 8
3 38
50 40
25 65
71 47
80 38
40 43
50 96
66 66
79 91
49 61
53 91
65 46
80 84
8 25
31 9
100 35
13 50
75 39
14 11
86 60
49 92
2 66
54 35
31 99
92 46
25 45
36 91
91 82
40 66
6 38
41 73
73 54
22 13
93 2
24 44
28 40
2 98
5 22
99 2
87 90
48 11
34 50
68 92
32 8
57 4
46 64
77 85
17 65
98 77
67 88
87 62
94 55
59 99
77 57
67 63
12 14
41 47
65 8
4 63
16 61
67 28
91 44
79 7
75 76
50 8
30 37
70 23
92 28
89 35
51 55
98 63
36 38
76 67
13 80
29 29
6 62
24 97
72 2
71 47
45 20
55 41
23 24
30 82
18 18
16 69
40 80
98 42
85 74
8 98
53 37
93 26
99 16
22 71
86 93
17 30
80 38
71 2
62 0
84 80
86 66
14 92
46 78
33 97
51 41
94 71
44 86
97 42
69 18
79 54
78 62
84 57
100 20
59 61
87 9
6 38
75 87
29 87
65 28
83 15
35 42
52 79
28 14
88 97
33 32
16 77
95 66
100 94
86 58
21 38
33 94
77 75
81 72
61 45
0 10
26 1
52 45
47 46
59 34
8 58
66 24
34 26
90 33
87 41
58 7
80 57
67 56
31 47
94 59
58 60
35 51
62 87
96 8
100 54
8 7
79 40
32 12
67 88
12 53
29 36
26 75
93 93
97 24
6 90
49 30
50 84
47 11
36 8
86 35
29 94
43 7
33 41
19 100
95 98
18 90
33 10
64 26
70 60
16 76
50 65
72 100
48 19
77 50
94 28
86 22
21 95
29 20
1 15
87 96
12 4
86 46
15 49
38 85
76 54
26 25
18 64
91 32
49 33
48 43
61 33
65 48
94 95
68 95
9 20
91 88
25 42
33 6
91 71
57 66
91 49
57 75
12 13
6 28
46 55
71 73
54 35
20 48
96 55
8 71
75 99
59 66
40 58
38 98
29 95
29 86
43 53
61 22
66 33
50 79
54 87
51 8
88 38
22 84
59 97
20 100
96 79
66 1
37 70
65 32
65 95
17 74
13 78
62 79
11 78
57 65
64 75
39 52
79 27
1 37
24 21
2 86
0 34
87 3
4 18
35 35
79 52
75 92
97 37
36 74
14 60
38 45
34 44
63 79
71 64
82 95
51 84
46 51
18 33
20 22
17 55
57 96
74 98
53 36
34 89
9 15
48 13
26 48
57 89
26 28
18 7
89 69
92 35
20 76
34 6
64 17
62 20
79 1
17 31
37 18
19 46
100 34
59 25
48 83
80 75
77 98
48 65
66 5
66 52
81 66
59 44
83 20
30 61
88 14
92 24
99 78
70 98
78 95
89 25
77 68
66 53
65 14
85 30
19 16
83 67
83 41
10 31
27 41
93 14
21 50
4 19
94 74
83 71
34 71
63 78
38 28
97 2
8 47
99 28
64 47
61 46
54 71
43 81
78 35
61 65
52 65
84 45
4 66
83 5
36 45
83 40
39 45
8 48
93 7
42 56
20 69
68 75
39 10
21 84
12 83
48 64
13 99
8 18
64 57
90 67
68 72
6 7
16 82
21 8
55 29
30 75
98 98
49 2
75 71
52 87
19 0
50 32
99 24
16 28
82 5
95 49
43 68
22 60
49 9
34 3
4 31
78 68
95 94
71 69
64 22
55 83
89 71
81 53
62 98
82 43
2 42
58 46
9 47
72 24
56 72
27 61
69 72
95 64
65 65
32 95
54 54
43 8
24 23
62 86
20 43
95 90
51 19
1 61
66 39
85 88
10 79
48 80
16 9
9 81
74 41
41 94
95 84
69 86
6 30
37 94
39 99
49 90
17 50
16 49
89 1
36 65
46 51
10 62
60 19
8 100
27 49
60 88
32 28
39 4
24 43
64 63
41 12
18 24
62 35
73 16
2 8
48 14
59 58
76 85
44 84
85 71
99 44
24 97
72 64
67 96
6 31
24 13
43 8
37 72
9 76
54 78
84 1
92 9
26 33
94 70
83 44
6 81
88 30
77 25
60 44
87 66
41 77
79 50
86 82
21 61
57 42
39 7
43 97
16 35
30 76
4 12
20 77
60 74
74 2
66 33
12 52
66 53
29 10
3 81
93 91
41 15
32 46
22 76
43 4
10 39
81 82
51 67
24 10
6 64
13 72
64 25
91 96
45 86
5 48
32 64
4 39
80 37
86 68
79 95
73 55
33 19
2 84
52 94
61 58
57 40
97 20
31 53
82 76
38 88
90 36
17 95
75 63
98 26
31 76
20 3
30 53
22 100
3 40
93 30
64 49
36 60
36 67
79 17
9 16
71 65
18 89
25 94
51 22
19 48
98 40
51 95
59 39
94 28
79 86
58 9
0 60
69 36
27 48
20 2
30 91
33 49
45 59
8 63
81 27
10 45
33 28
39 59
33 99
53 79
84 11
88 50
37 22
87 30
70 73
32 67
63 66
82 75
24 90
37 71
83 13
15 83
41 20
7 41
18 60
19 68
37 6
18 75
28 71
4 65
43 3
98 72
69 79
46 59
34 49
96 83
63 11
31 70
98 38
10 16
65 29
50 1
1 68
42 30
4 47
61 13
50 58
86 85
2 98
9 2
47 4
51 76
82 83
45 80
87 56
62 17
51 11
19 53
46 61
49 50
74 76
64 90
100 15
40 1
12 49
70 25
20 20
0 68
69 12
13 22
34 75
39 85
87 24
3 32
86 52
48 25
94 78
15 93
59 21
60 38
37 29
63 23
16 30
91 51
8 4
73 42
79 79
26 31
2 97
29 54
14 78
80 8
21 61
0 81
48 27
85 85
22 13
7 38
43 99
56 51
69 95
59 47
73 52
45 76
48 74
96 62
17 41
36 39
68 37
86 16
30 36
0 52
49 8
91 93
73 12
9 41
6 69
54 80
20 99
21 34
73 83
96 56
24 32
61 92
35 46
7 65
82 75
16 98
49 73
56 21
85 65
62 58
100 82
37 86
81 24
19 19
6 82
75 30
80 36
89 81
48 62
45 97
36 27
94 85
67 49
5 17
80 33
75 46
82 78
31 62
1 17
47 8
65 21
4 44
23 93
24 72
55 35
34 91
28 27
42 61
42 47
79 21
47 19
33 28
98 65
56 99
48 2
73 12
90 78
22 80
36 46
17 91
47 51
48 41
44 90
2 86
2 47
73 15
66 6
43 63
37 65
28 85
33 0
63 90
44 85
69 81
97 86
37 9
36 85
50 80
40 18
31 43
65 70
58 31
42 68
60 45
99 88
29 32
55 58
21 99
42 56
79 38
41 16
47 77
67 64
22 7
82 19
16 47
55 74
44 98
7 70
42 73
58 38
4 79
96 92
77 4
47 22
8 88
4 22
30 71
86 18
44 33
37 60
80 58
0 90
55 74
60 64
46 84
68 16
62 29
7 4
33 20
26 42
74 97
64 70
34 15
88 78
48 91
4 95
49 71
84 70
44 9
100 57
59 67
73 20
63 47
25 96
33 17
3 7
14 33
77 48
48 31
92 97
21 96
57 70
66 6
6 77
16 5
33 41
39 5
62 1
18 53
97 52
70 67
59 50
100 1
98 14
32 90
77 54
51 33
90 17
39 96
60 21
1 93
63 40
98 91
7 83
43 70
34 79
36 59
29 2
60 93
16 93
48 59
12 100
92 68
83 97
64 42
85 31
0 47
37 64
3 44
46 12
13 80
91 16
38 86
18 65
45 0
23 93
59 35
58 16
2 6
12 32
14 97
63 14
9 66
79 12
76 24
24 90
71 82
72 75
33 90
39 78
56 62
37 14
97 95
30 66
68 8
98 82
5 27
97 81
59 75
60 35
65 84
91 35
31 62
10 31
17 15
8 73
78 11
87 40
73 83
72 40
57 70
21 62
63 84
9 21
24 69
22 56
18 12
91 50
74 67
47 57
83 55
29 26
33 82
66 5
30 38
45 88
74 32
15 2
83 24
90 6
93 12
62 78
24 19
94 65
52 40
21 0
95 17
26 94
99 59
99 96
63 9
83 2
42 98
4 91
89 60
97 81
72 25
24 63
10 17
94 62
57 81
63 18
64 55
11 29
13 10
24 42
19 6
44 27
70 14
17 58
41 81
5 12
72 29
41 82
47 0
9 3
48 72
21 11
94 33
40 73
9 64
15 95
36 25
22 6
40 5
30 81
52 35
59 90
65 67
71 78
33 47
81 81
85 69
93 78
68 99
51 77
29 66
37 65
91 25
37 97
31 68
43 49
69 69
5 100
35 76
77 68
89 24
15 74
59 74
51 26
72 1
69 0
33 5
32 24
31 35
87 28
69 30
43 38
99 48
37 100
91 81
67 79
4 48
52 29
21 70
55 94
71 90
60 4
61 92
95 58
27 81
52 96
77 96
100 75
9 3
40 66
84 74
45 88
21 63
83 43
32 37
36 70
93 62
74 19
54 34
78 47
81 96
8 58
57 75
99 67
78 39
32 61
79 43
14 100
73 97
42 4
100 44
74 58
6 13
77 26
13 54
39 95
50 13
18 6
88 83
39 31
88 38
92 66
47 72
66 19
68 74
24 33
18 64
91 91
44 68
83 23
88 21
84 3
0 1
77 55
51 15
86 38
19 78
71 67
15 36
86 84
9 76
83 94
6 74
50 16
41 32
39 28
19 23
99 87
91 75
41 7
90 26
46 9
70 16
76 86
18 27
35 94
3 17
54 9
91 3
92 98
2 30
93 88
19 91
74 77
65 14
84 54
7 96
29 77
78 71
62 96
99 97
56 68
14 9
43 71
79 34
69 47
64 61
35 50
51 8
26 15
90 76
35 97
72 31
73 49
1 1
11 66
98 67
33 78
42 76
49 20
76 84
34 40
44 69
90 61
43 82
76 99
57 77
95 28
7 34
44 76
35 21
7 99
54 41
43 96
83 58
82 59
41 15
65 85
50 20
45 94
1 87
92 24
63 53
19 37
53 63
79 54
84 86
52 37
93 61
99 76
18 80
0 59
62 31
9 11
51 54
71 18
6 63
42 36
82 61
73 34
90 51
88 39
2 5
42 96
67 40
37 51
87 37
10 14
34 19
25 85
40 63
69 46
92 77
82 73
38 20
6 94
37 60
100 40
65 41
1 98
48 38
49 0
41 25
81 75
44 72
25 50
34 94
97 25
70 44
98 74
31 70
68 68
96 33
74 61
40 75
24 88
12 73
54 53
64 34
94 8
6 18
58 40
11 20
32 82
31 29
21 62
66 55
96 61
88 70
88 28
10 12
82 23
51 36
42 15
36 36
90 8
54 13
15 32
0 47
80 31
42 0
93 7
56 88
35 43
23 22
71 34
0 19
23 52
21 65
33 57
67 89
32 88
1 47
19 68
60 65
99 1
65 57
76 20
11 10
30 34
32 0
34 100
19 57
17 6
89 50
64 55
4 96
8 72
8 94
40 68
58 38
35 23
62 10
9 73
20 39
73 19
6 7
18 92
64 1
99 52
17 62
74 21
23 82
93 98
76 99
65 33
37 100
22 65
77 32
3 97
71 76
82 77
83 66
69 13
67 67
31 84
95 4
71 84
87 64
81 62
62 11
61 65
77 84
96 53
82 99
16 52
75 64
96 23
30 30
36 63
63 68
13 57
38 84
6 24
13 53
52 76
64 80
6 40
29 2
60 10
67 76
62 41
39 23
31 35
53 33
99 15
67 78
38 5
61 44
29 75
63 48
16 26
27 89
33 56
57 93
66 24
34 94
31 73
17 62
75 36
96 39
18 62
16 56
67 43
67 63
17 29
77 100
22 3
55 55
25 11
13 57
1 47
16 33
86 100
95 60
36 56
99 54
85 81
76 51
24 42
80 7
38 56
7 60
25 28
81 16
39 94
39 7
40 56
40 92
55 0
52 57
23 16
10 7
98 53
24 88
95 4
95 99
26 68
24 18
96 4
34 1
98 74
8 3
96 14
62 50
14 80
74 37
96 50
10 59
2 35
46 64
5 41
62 98
8 87
15 71
57 16
72 21
56 46
91 51
60 52
67 40
31 40
78 94
91 54
52 59
89 99
22 94
5 51
92 80
37 73
16 60
89 88
81 10
100 72
27 59
23 95
100 55
0 43
48 57
97 66
16 52
30 4
11 1
55 2
82 58
42 64
18 97
18 99
7 17
70 34
43 60
95 42
81 62
51 95
18 13
60 0
65 57
72 77
58 26
45 5
51 87
70 69
84 88
33 57
4 70
57 47
29 52
55 76
13 72
70 98
86 96
65 16
52 36
93 77
28 4
82 79
91 17
47 40
4 47
63 76
16 20
89 11
72 44
87 51
15 22
14 67
17 45
84 36
81 42
12 76
46 60
54 3
78 68
9 82
14 73
23 97
93 12
7 30
56 94
81 37
15 61
71 99
6 20
0 53
62 12
28 75
39 49
78 16
83 87
64 63
25 88
59 17
66 66
13 88
25 60
24 6
21 61
71 94
81 72
46 43
50 41
17 89
90 61
71 38
13 35
0 39
89 59
22 54
91 36
41 15
96 31
88 83
59 58
76 39
29 22
48 80
29 31
68 85
92 5
22 72
6 22
10 95
47 99
14 37
34 21
52 97
18 5
79 77
63 55
16 93
43 64
38 72
96 72
22 53
77 44
24 83
32 0
43 79
100 57
15 100
44 33
96 63
38 41
39 0
96 21
59 4
52 63
42 13
35 64
66 11
74 57
61 5
57 3
50 22
27 65
22 71
64 84
33 1
24 39
68 86
26 94
90 78
56 31
91 57
61 23
35 0
80 96
5 2
99 21
92 92
86 13
63 15
63 62
83 88
67 17
73 94
10 29
71 32
26 28
56 54
51 91
54 97
86 60
65 50
47 56
42 33
35 71
14 65
99 98
52 66
14 91
25 91
19 62
22 12
90 78
66 6
68 19
69 19
45 0
36 93
22 44
92 58
14 5
22 79
2 40
10 16
97 35
6 83
98 96
95 53
39 26
60 74
45 95
93 57
95 95
15 17
38 6
41 18
78 29
98 47
69 7
29 31
9 2
13 6
98 74
25 2
100 85
76 11
46 35
68 40
29 83
57 34
55 64
52 32
93 49
79 27
23 8
59 32
10 38
4 74
12 29
76 11
14 18
22 60
53 56
66 48
38 90
82 59
53 34
92 46
49 36
39 72
10 98
3 87
36 7
60 48
37 2
25 17
20 48
43 39
3 75
87 8
64 35
67 17
35 24
29 84
27 68
56 37
32 25
91 34
100 50
48 2
18 73
86 4
87 95
43 57
69 97
65 100
98 98
16 32
89 11
15 15
79 37
18 77
29 8
10 95
25 58
63 43
31 48
48 84
8 57
40 77
19 71
76 16
35 58
48 23
35 30
4 14
33 22
57 62
98 68
56 22
25 18
31 22
32 45
6 40
69 12
84 88
84 25
71 18
50 85
7 85
14 11
65 48
33 22
76 30
90 99
18 81
16 50
70 15
95 76
21 63
54 71
17 37
97 88
21 12
72 28
97 53
39 28
0 39
50 76
69 5
40 54
52 23
3 21
38 64
97 25
94 17
97 77
54 59
64 76
71 1
70 33
54 9
61 20
48 77
63 83
48 2
36 0
25 5
21 29
36 85
55 96
1 51
72 55
76 1
97 46
69 67
45 90
42 6
9 90
49 38
38 98
7 41
98 32
46 18
28 48
2 83
9 70
100 47
25 75
14 88
87 84
20 31
39 62
3 14
51 53
53 56
16 60
97 80
58 42
98 86
57 67
68 66
36 67
13 27
7 94
82 94
77 1
25 15
64 28
30 81
47 49
36 29
8 32
8 66
41 73
18 98
5 86
29 7
19 8
35 93
2 83
87 79
84 78
61 47
72 57
28 86
72 30
14 80
63 23
11 3
96 29
67 67
82 96
74 67
71 75
59 73
57 11
17 41
89 44
54 61
0 48
46 72
79 60
17 7
49 96
10 10
91 43
77 38
4 51
4 75
25 64
47 49
41 65
90 30
8 9
91 76
58 2
13 36
28 98
9 44
93 19
54 83
28 31
21 32
48 92
7 39
21 54
88 63
85 43
93 60
19 49
35 77
17 14
79 45
11 88
89 3
73 9
53 0
6 40
32 54
31 5
59 53
26 13
15 10
22 74
36 41
22 37
84 39
52 62
50 63
15 5
33 54
14 86
54 20
25 53
40 22
58 99
75 50
11 56
27 0
29 63
41 17
0 25
56 52
53 73
81 35
78 13
89 92
65 43
78 90
62 17
79 86
15 53
36 94
9 63
94 4
25 34
22 92
25 44
43 45
16 24
80 60
3 68
17 69
10 95
24 72
11 2
24 94
22 60
87 31
89 80
1 80
80 23
72 72
34 81
16 16
4 96
77 75
63 94
43 40
89 67
78 66
36 1
59 58
27 11
55 15
57 56
96 37
46 33
75 80
13 91
96 18
52 38
59 14
32 1
54 87
34 99
18 70
100 44
27 27
55 82
8 12
38 70
15 50
2 90
29 16
80 91
0 31
29 59
11 27
60 32
80 60
30 98
30 96
7 23
89 63
5 98
75 9
33 90
25 36
79 54
52 24
10 52
21 5
77 99
99 36
30 78
62 60
42 92
22 49
15 10
78 87
7 52
62 7
7 87
43 52
6 95
42 16
12 63
89 89
62 87
91 58
31 52
18 73
10 6
88 92
16 66
44 91
84 5
98 92
92 40
9 98
0 52
80 79
81 34
33 8
21 23
67 52
41 51
91 17
57 44
8 73
9 52
63 60
23 60
17 14
66 26
78 66
44 24
10 25
58 43
33 45
66 100
97 74
50 87
91 6
98 66
80 6
84 8
32 7
35 49
88 0
42 32
33 86
56 43
10 80
87 44
25 18
9 88
92 60
41 49
32 38
81 78
10 64
87 43
71 88
58 59
88 100
91 87
86 12
30 62
58 83
72 83
0 82
37 59
7 78
74 5
15 54
84 25
17 36
34 55
23 93
80 77
92 36
30 43
48 26
72 5
8 43
55 75
91 92
100 64
69 39
70 50
93 53
41 77
55 76
98 44
34 77
87 92
12 16
35 26
42 73
98 50
15 52
92 73
9 91
36 44
30 5
60 89
24 1
31 79
77 28
89 10
4 76
1 83
92 2
8 34
75 6
50 57
24 41
29 0
99 31
44 28
37 4
16 27
5 48
73 48
42 61
24 47
36 92
96 95
61 4
28 1
77 44
58 0
86 53
0 84
51 11
78 54
15 60
81 87
74 53
0 16
81 24
29 16
82 24
77 42
95 4
44 71
49 68
72 0
88 38
50 38
49 94
58 30
53 38
83 27
58 83
9 38
73 38
20 55
28 64
63 23
68 6
94 83
41 31
49 95
36 65
99 85
58 56
82 11
60 64
4 84
47 80
88 86
17 8
40 45
38 3
34 5
76 28
55 83
25 70
77 61
35 41
12 59
97 94
70 23
23 40
6 36
19 95
22 2
69 28
14 6
31 48
78 74
42 32
56 68
69 100
95 70
40 6
28 3
66 65
26 56
4 32
92 91
26 13
59 95
8 73
0 39
88 79
79 29
77 1
63 45
0 58
14 6
30 9
9 97
74 35
52 44
68 9
0 60
90 60
55 98
32 55
2 19
100 82
15 77
83 78
88 49
1 69
55 32
78 65
95 17
66 12
61 33
21 62
94 10
21 14
7 19
35 77
5 35
58 20
78 6
64 65
55 32
100 76
64 77
40 24
94 6
36 21
5 57
49 65
34 36
79 7
55 14
84 26
15 7
12 93
80 77
23 34
75 23
10 38
100 16
62 60
89 64
47 95
20 96
25 20
31 4
28 52
85 78
79 66
86 57
58 65
33 81
66 7
3 42
11 70
24 39
96 13
2 42
74 90
3 99
9 0
69 3
52 19
82 97
85 33
54 42
64 53
90 96
27 93
3 4
28 28
44 23
7 12
31 81
68 34
45 44
0 81
47 53
100 95
15 85
94 69
93 58
89 48
19 15
41 23
86 35
51 29
25 24
8 56
4 76
57 15
19 57
96 33
76 96
27 92
46 88
26 38
11 81
87 30
96 94
53 82
95 70
77 19
94 51
42 64
27 65
80 46
88 75
45 30
70 73
88 82
60 13
87 71
61 39
67 56
32 20
3 93
56 47
12 50
98 20
80 91
51 59
3 38
34 48
68 70
87 55
52 46
35 38
83 96
77 50
17 75
36 88
33 92
0 11
7 64
31 88
55 82
12 58
87 46
5 54
83 93
76 0
4 77
38 54
38 81
70 55
21 5
8 54
63 8
66 37
39 63
91 94
45 2
17 98
15 22
51 98
81 93
64 52
69 68
5 73
48 41
95 35
46 2
89 75
78 20
78 16
84 34
76 95
37 93
92 18
81 8
82 62
1 45
80 36
12 85
9 26
25 3
61 37
72 15
78 15
36 22
98 19
56 73
13 59
65 4
77 12
79 24
40 80
69 19
83 81
70 58
6 61
27 33
64 99
49 7
14 85
29 11
70 52
51 49
10 82
19 54
94 98
78 33
78 13
52 26
94 21
84 67
82 10
100 11
75 14
19 89
99 48
67 34
66 84
83 43
65 1
97 59
100 40
92 43
53 44
35 13
31 18
46 80
95 45
91 69
26 9
24 24
24 91
25 56
40 7
99 4
76 61
63 41
1 55
50 20
65 85
100 62
69 45
41 63
91 99
31 83
74 55
6 98
11 31
54 51
5 18
56 81
80 85
88 47
39 37
67 70
21 67
32 90
11 39
52 68
37 49
50 11
4 23
75 82
20 95
33 92
13 55
38 93
39 25
5 45
62 38
14 49
4 12
4 83
52 56
16 89
72 33
100 42
22 41
23 8
35 22
67 48
43 4
6 83
30 11
94 58
50 74
7 20
87 11
69 4
34 52
93 5
51 59
13 39
100 36
47 34
25 13
49 68
85 55
16 14
33 9
38 49
84 45
35 36
57 4
40 57
22 99
28 73
57 41
78 22
43 91
23 68
71 38
36 55
59 52
35 92
28 73
40 11
18 42
47 41
46 53
64 34
51 92
73 75
32 50
63 75
40 86
43 77
23 45
31 83
63 66
40 91
5 47
68 90
89 81
97 0
33 60
34 51
51 6
25 49
22 88
23 62
40 32
39 29
43 36
78 6
69 18
63 74
31 98
29 19
78 25
86 78
85 19
95 35
92 19
84 13
73 73
41 12
5 80
8 14
83 86
20 51
3 50
91 0
47 19
19 91
44 4
34 95
90 28
96 81
13 45
94 87
17 35
65 89
81 73
3 29
25 90
46 95
39 36
96 52
21 14
43 65
86 77
59 75
72 54
22 85
65 82
37 83
83 69
37 30
7 40
59 32
97 5
27 35
41 22
88 63
2 97
94 88
73 19
29 44
39 51
96 4
99 32
53 82
67 90
11 75
97 70
6 93
41 33
94 49
55 81
78 58
77 71
11 16
56 6
26 62
57 88
66 22
20 85
3 53
74 14
27 36
50 34
28 92
33 22
6 89
69 84
12 12
20 90
28 43
97 20
4 19
8 36
41 95
20 44
47 60
24 75
97 41
75 24
99 7
12 4
62 82
88 74
94 74
30 88
16 26
74 20
45 82
56 87
42 42
97 90
2 21
30 65
28 4
89 26
78 68
97 40
49 50
80 8
23 9
62 40
35 35
26 81
84 49
33 25
91 29
14 59
16 10
23 44
81 79
36 59
46 32
99 61
82 44
35 5
54 97
11 55
98 37
35 81
86 34
73 43
64 53
1 46
64 92
57 44
70 93
69 82
25 67
42 73
11 43
44 31
5 55
86 2
59 88
50 10
21 22
53 51
75 21
98 4
12 20
15 82
12 84
63 3
17 71
77 95
80 20
25 85
42 10
53 0
64 69
10 86
57 30
2 99
51 66
2 63
86 17
10 65
1 39
68 85
9 10
79 55
98 3
39 39
80 58
5 44
27 82
96 50
11 98
48 62
30 51
24 15
34 34
80 1
73 14
86 48
91 64
2 88
33 7
93 13
32 98
23 25
46 18
75 57
82 23
19 11
40 9
94 40
44 73
8 83
53 94
98 44
24 66
31 57
74 91
36 72
54 59
97 100
43 71
57 25
60 42
2 66
51 96
6 61
35 81
44 88
74 7
31 64
73 29
88 12
86 23
84 39
49 80
39 58
17 62
83 43
3 86
9 20
47 82
82 82
62 92
70 1
99 67
66 71
62 19
84 47
8 67
87 57
13 92
15 30
53 64
39 22
15 48
42 63
96 23
44 23
14 80
25 79
47 57
50 8
76 100
56 50
32 8
74 45
100 55
41 52
18 47
74 0
61 15
63 57
5 73
80 86
53 71
65 66
94 81
74 35
80 96
86 78
3 59
90 2
13 97
20 98
43 94
98 4
76 26
61 81
66 6
66 85
44 30
50 37
77 90
73 22
86 58
0 55
83 90
58 62
86 78
59 96
38 23
100 13
15 26
60 81
99 25
31 42
22 81
80 99
71 18
21 22
42 88
77 24
43 34
86 95
79 10
90 83
100 89
96 15
81 21
62 80
12 94
21 34
40 67
100 77
85 87
99 93
40 76
16 83
76 68
77 20
45 67
2 44
21 64
25 2
85 88
82 98
47 69
98 87
36 63
64 87
49 28
80 89
70 62
37 46
97 14
32 41
47 35
51 68
65 77
36 16
64 84
13 77
53 77
29 55
40 59
41 55
88 87
10 57
15 47
69 78
27 1
85 74
2 35
8 67
11 44
83 41
28 62
84 47
39 13
1 45
72 8
66 25
62 76
83 43
90 17
20 16
18 4
91 20
5 65
88 17
8 36
24 2
99 75
15 3
88 16
48 25
92 13
51 53
56 100
62 45
16 82
27 35
52 84
21 57
48 75
40 23
11 31
92 9
5 7
79 93
23 26
17 81
5 34
100 27
33 61
72 50
42 66
51 94
49 72
17 98
47 57
87 58
88 78
33 93
85 11
51 75
3 69
55 75
69 55
2 2
82 40
52 91
5 2
50 21
40 67
85 87
24 71
10 11
14 9
71 100
87 21
74 56
56 95
31 25
15 100
27 98
5 45
88 78
13 37
99 53
71 83
6 95
19 83
72 33
93 42
99 79
30 38
1 86
33 32
77 14
98 70
11 2
81 65
46 94
69 44
13 39
93 86
100 78
68 71
78 26
80 76
5 76
14 73
61 47
71 4
61 68
74 39
36 55
70 83
14 38
93 94
43 52
79 42
29 13
80 6
39 25
83 44
0 97
83 27
9 53
98 36
20 72
41 23
93 11
5 6
15 98
0 25
49 45
33 45
58 12
51 98
3 100
7 70
62 91
64 71
43 61
74 30
32 81
53 24
58 58
98 74
21 98
65 37
8 98
82 67
77 99
64 80
99 37
16 26
27 80
64 37
40 37
67 73
17 19
63 42
77 60
82 64
23 46
0 32
43 48
99 86
13 28
32 11
65 48
37 59
27 67
96 67
3 62
5 88
47 69
29 23
95 10
53 18
22 20
50 31
68 14
17 81
8 15
58 39
63 62
98 56
28 59
22 99
87 95
52 33
63 47
22 57
23 76
41 45
62 91
76 29
71 59
77 79
74 0
18 2
28 82
58 23
7 47
21 94
41 73
94 3
19 15
26 42
57 68
53 85
24 95
14 96
54 57
40 94
23 24
97 52
73 20
75 80
67 62
39 7
0 32
77 86
14 70
94 37
37 46
22 27
40 2
89 60
25 96
20 48
19 83
66 92
2 40
37 70
68 77
43 68
75 20
53 55
90 46
93 93
92 81
86 99
49 75
24 74
36 44
88 55
26 54
13 96
60 50
65 28
26 74
96 1
94 49
22 49
95 14
7 53
61 94
17 9
34 41
49 70
86 37
91 78
91 3
73 16
54 3
44 46
78 40
13 71
55 36
87 15
50 94
34 78
53 51
87 87
93 36
22 78
39 13
55 96
16 95
11 36
98 22
83 75
28 96
12 83
31 99
64 48
58 99
92 11
49 78
64 41
80 53
85 85
66 6
80 48
0 58
85 98
80 33
39 7
95 51
56 93
15 19
6 73
17 98
50 33
41 81
74 88
33 59
72 99
31 52
12 31
76 63
95 55
96 100
28 91
50 50
49 31
35 55
71 19
52 87
52 93
67 25
80 100
50 18
64 47
36 77
78 11
39 39
32 1
38 26
58 55
76 6
52 10
27 22
29 79
9 81
37 42
73 84
42 89
1 72
36 3
48 80
14 54
85 46
21 23
38 79
44 13
51 96
90 44
85 86
22 60
32 25
1 4
75 43
60 42
15 62
45 29
41 59
49 93
71 70
82 75
14 25
88 31
87 44
75 71
29 63
30 61
55 32
32 29
41 92
72 22
19 16
18 60
42 67
18 79
3 100
54 84
91 7
15 78
51 56
48 46
19 45
7 74
43 39
69 50
97 40
73 15
23 91
41 31
23 60
76 26
25 96
10 16
3 92
94 20
47 7
67 32
18 40
5 61
45 75
11 41
81 50
22 70
40 29
0 29
89 43
22 14
38 32
97 41
90 90
28 2
63 61
35 82
0 6
42 45
47 19
52 28
69 40
64 75
69 65
4 24
7 26
4 45
24 0
53 13
90 81
82 52
7 16
33 7
23 42
18 70
61 36
64 30
76 28
4 10
59 75
34 32
0 38
77 91
38 96
70 94
42 52
12 49
68 45
22 57
53 40
94 14
42 57
10 84
85 81
95 9
56 28
41 22
67 85
13 71
80 83
65 22
0 77
37 69
88 60
92 41
66 85
21 75
42 98
58 93
78 52
2 33
81 9
22 13
94 35
84 74
84 48
62 85
24 65
19 79
91 77
86 57
62 6
98 70
3 55
62 47
7 30
81 88
40 69
0 33
3 84
73 53
99 0
3 89
66 89
67 56
66 52
79 27
24 76
97 27
98 24
41 4
21 21
58 61
56 24
60 25
74 100
78 72
100 48
61 31
36 94
54 68
12 99
61 36
41 57
30 38
48 71
42 69
58 66
96 13
90 55
38 63
54 82
35 20
29 62
51 32
21 71
100 33
70 61
36 10
84 32
48 98
2 56
66 26
21 61
5 10
83 9
73 2
91 74
22 87
1 40
85 90
77 50
22 46
77 24
56 27
56 70
24 24
25 57
16 12
17 21
22 66
30 62
69 88
1 57
74 3
63 24
93 40
74 81
86 51
72 8
44 27
44 68
18 36
24 34
48 8
56 37
74 52
99 8
39 100
66 79
69 95
2 27
34 43
75 87
60 46
95 3
39 4
37 57
40 62
58 89
36 13
92 9
31 90
18 71
55 50
49 91
44 18
84 45
27 58
31 87
70 92
56 76
96 93
99 2
20 56
57 56
35 48
32 67
3 16
37 24
66 52
14 76
36 65
20 63
89 51
15 59
8 71
0 4
30 99
6 50
55 63
6 90
77 4
56 80
20 59
3 52
11 85
27 13
49 14
77 37
31 58
62 40
29 62
10 25
61 83
75 82
11 47
37 88
51 94
67 71
18 70
89 29
54 16
9 69
97 86
6 27
43 34
33 38
97 43
63 23
92 4
4 2
17 41
90 69
0 22
5 19
93 95
14 12
77 23
48 39
75 54
66 85
88 66
89 50
75 18
39 67
22 9
69 39
17 59
74 17
81 46
2 39
40 84
18 83
6 66
21 48
86 53
32 39
18 87
56 94
4 95
26 26
4 95
32 21
19 5
4 67
51 74
72 57
57 90
5 29
21 26
43 73
80 41
12 64
28 34
23 32
28 49
25 99
10 57
86 29
28 57
62 80
30 34
2 53
90 8
48 78
0 92
50 46
32 28
10 60
62 100
93 91
49 17
55 25
40 41
54 68
98 83
13 94
16 16
12 72
91 60
49 91
51 100
37 50
27 13
9 56
79 68
12 94
51 67
18 91
74 39
59 37
21 72
30 37
54 8
8 10
69 58
1 86
23 4
35 16
84 11
72 62
79 50
56 30
17 74
20 91
12 45
28 33
84 24
36 37
100 11
48 68
35 15
19 58
86 55
40 69
32 79
97 10
28 52
6 45
93 94
2 71
38 97
71 88
87 6
25 86
17 39
19 18
20 39
76 5
60 83
40 58
61 36
68 89
55 41
0 13
0 69
84 38
65 54
93 17
27 17
3 10
22 89
29 8
27 71
80 53
53 19
10 80
21 45
35 42
52 35
55 52
3 39
56 34
59 48
51 52
31 20
63 53
9 58
27 2
28 6
22 48
92 32
94 13
43 28
55 95
63 77
46 32
82 69
66 40
16 84
93 48
3 21
67 12
79 95
82 73
67 3
87 59
35 81
72 45
8 93
39 38
35 52
70 16
87 2
57 2
86 15
16 89
36 84
68 81
44 49
19 10
52 6
69 53
53 6
64 27
66 70
65 0
21 1
17 74
3 40
76 55
21 93
9 23
42 77
3 52
92 89
62 9
61 98
29 13
3 93
41 35
62 5
36 49
73 19
22 76
25 65
97 46
57 6
69 65
49 38
16 7
26 44
16 88
41 11
67 11
4 7
46 32
80 48
82 52
33 70
95 58
34 91
3 57
63 72
21 12
76 3
86 2
48 68
56 89
80 22
66 50
97 12
82 76
26 29
94 60
100 88
17 100
45 88
57 7
25 78
86 1
48 71
70 96
5 25
50 85
13 16
0 9
28 82
51 20
78 11
80 43
99 98
42 9
85 99
17 9
43 69
77 91
6 46
52 11
37 1
96 51
17 96
26 11
43 44
32 20
55 11
29 19
75 72
29 25
70 12
1 79
81 78
35 87
24 87
98 61
89 59
78 5
20 71
17 30
14 49
16 35
26 46
54 1
17 49
26 53
61 27
99 42
5 33
95 96
20 59
22 75
84 0
80 71
37 63
0 17
78 16
52 4
28 72
72 11
21 64
31 82
92 29
90 63
28 85
24 14
43 46
89 26
12 35
97 49
98 63
32 76
46 84
46 74
22 17
52 43
81 83
91 38
11 81
67 5
65 91
20 74
3 8
66 15
43 29
31 41
92 63
83 3
13 28
44 35
11 96
44 92
78 34
30 55
14 97
60 45
54 80
18 57
89 51
38 98
80 69
38 37
99 87
7 11
14 51
12 25
46 56
84 90
90 80
44 71
42 70
15 96
50 0
52 4
51 91
1 97
25 6
100 23
93 6
0 74
23 12
65 35
34 14
24 24
94 34
61 36
4 76
31 20
42 50
24 93
6 92
55 98
64 21
21 23
94 88
97 17
67 27
52 0
42 43
91 1
77 51
37 81
27 35
67 69
51 57
28 23
49 49
20 12
70 7
1 64
96 64
81 62
92 99
28 100
41 19
67 18
70 4
65 63
5 99
99 22
55 93
45 3
41 31
83 78
39 84
41 0
48 88
28 5
86 56
71 94
41 37
11 11
7 42
40 79
40 4
0 96
97 11
65 4
43 13
82 48
64 22
48 78
76 42
83 27
98 19
20 39
56 98
16 64
40 56
42 46
61 9
41 23
20 73
27 29
86 8
77 15
97 91
93 38
32 75
66 97
60 86
1 16
84 17
46 90
39 54
35 66
63 43
90 50
15 83
79 67
58 22
83 54
12 75
59 11
16 24
7 76
9 8
58 59
92 3
14 97
24 50
63 87
93 18
2 74
0 48
6 24
70 89
45 48
30 3
59 46
27 32
88 2
6 12
28 64
15 42
61 39
92 90
93 50
7 61
90 74
8 97
65 78
85 9
93 14
12 17
26 39
50 81
7 22
93 35
53 74
78 13
80 35
69 38
52 76
99 41
15 7
37 80
85 22
89 77
2 67
95 96
72 10
42 80
99 0
81 51
74 24
30 19
60 99
57 11
40 56
18 22
29 56
68 13
44 23
57 12
90 17
74 62
94 15
7 58
82 88
76 22
12 72
41 38
37 99
15 43
20 33
65 49
89 100
28 99
22 51
11 78
34 85
5 27
67 12
52 48
67 27
70 45
99 78
83 1
76 64
45 62
97 9
77 52
8 4
50 97
22 61
75 56
12 80
50 79
59 1
93 25
28 29
70 93
6 18
95 48
82 39
9 78
14 52
96 90
22 46
86 44
73 26
0 51
73 50
96 31
17 89
56 11
84 92
70 90
9 64
37 57
69 12
34 50
30 97
5 52
8 91
97 47
84 63
99 56
79 94
53 96
48 75
6 98
66 42
87 41
73 90
98 41
68 98
57 98
94 62
50 68
19 46
15 2
75 13
24 53
73 43
14 88
17 87
85 49
28 72
90 0
27 87
8 96
50 65
93 10
27 42
78 12
54 93
81 95
5 4
47 45
13 27
32 30
13 16
79 42
54 34
8 82
87 16
43 36
48 35
12 75
44 91
53 64
83 33
59 55
3 72
66 16
100 98
12 12
80 57
20 0
91 29
48 43
45 91
45 93
92 58
33 35
48 52
100 97
85 24
51 88
96 16
70 95
80 82
7 26
38 27
26 95
22 74
3 68
30 49
26 21
6 26
23 20
78 89
16 29
12 34
83 7
50 53
69 97
0 76
22 5
69 48
100 92
88 70
25 84
18 17
71 91
9 94
10 54
48 93
83 60
26 65
34 43
17 69
39 18
10 61
23 79
75 89
36 28
58 27
78 42
11 48
99 20
8 8
40 56
68 22
83 94
88 83
36 71
51 41
55 61
68 44
5 8
100 8
36 23
1 13
66 79
28 64
66 36
39 5
92 6
28 74
66 82
22 69
52 73
9 74
100 44
17 5
52 16
80 55
40 81
68 72
60 62
1 25
98 40
97 90
12 24
29 79
5 18
13 24
91 89
64 57
32 81
62 85
64 7
5 3
54 39
41 80
1 42
71 99
83 68
54 61
58 50
5 30
68 18
54 24
7 17
81 5
64 8
56 27
15 61
97 70
0 3
15 1
46 87
66 95
54 20
55 11
36 61
41 3
45 61
27 18
44 75
24 75
83 46
68 65
7 31
34 74
34 15
41 80
1 6
74 21
93 96
100 28
22 6
98 67
34 92
52 44
66 42
18 48
88 87
12 61
17 12
0 51
95 41
98 96
48 37
84 6
32 83
35 54
55 32
88 89
23 5
33 55
47 17
70 0
3 82
28 87
61 28
4 55
70 1
16 84
4 100
90 37
48 91
57 3
23 10
92 12
15 91
68 62
8 3
29 78
85 57
31 11
51 1
32 20
69 15
70 73
14 60
9 29
16 67
32 39
77 90
18 59
47 52
87 55
55 15
99 5
38 96
84 90
97 15
76 65
30 46
38 11
72 13
40 88
80 38
94 23
94 78
48 40
96 34
61 50
50 60
21 54
55 4
43 18
87 19
83 83
31 20
60 2
0 100
56 80
3 15
69 98
93 16
37 88
17 65
3 33
91 25
87 45
96 30
29 82
15 12
31 12
99 91
81 99
91 36
45 60
52 80
57 10
63 61
99 80
25 68
12 15
93 99
26 89
95 56
36 76
34 67
88 99
58 68
98 14
71 8
40 89
88 98
99 50
24 63
96 15
98 74
30 90
39 22
44 33
44 47
76 44
13 29
43 37
64 40
17 34
48 58
89 1
21 53
18 45
83 13
60 80
88 56
35 26
44 80
25 89
93 0
99 5
97 41
9 60
81 93
60 95
50 48
97 37
0 81
82 83
94 7
28 47
29 64
73 74
9 65
28 1
31 26
73 27
68 82
87 14
41 46
76 57
94 38
95 61
18 42
9 11
16 38
59 45
68 98
85 77
62 12
78 94
5 50
20 39
99 74
53 39
19 95
96 80
32 56
6 50
99 15
28 14
19 53
59 87
50 10
63 79
22 6
72 94
57 58
32 21
31 52
60 17
46 21
63 79
78 69
95 42
50 22
56 70
75 81
22 92
91 52
70 80
58 7
73 81
31 72
1 63
23 27
46 69
15 8
13 59
77 8
0 93
97 22
62 38
2 51
29 60
69 65
39 26
72 78
74 69
49 41
31 72
35 43
7 50
51 20
75 94
95 75
87 58
97 14
96 65
31 91
24 100
55 29
93 93
74 66
61 22
73 59
61 7
1 68
23 19
54 98
12 49
72 65
73 34
80 68
66 10
58 56
10 79
52 2
37 25
34 98
47 6
22 7
14 91
41 37
9 96
1 88
10 39
53 83
74 99
16 5
75 74
61 51
18 12
19 55
37 53
18 51
26 41
24 6
31 66
9 6
27 10
94 37
50 12
86 23
10 1
95 52
41 55
2 59
68 22
13 71
41 31
21 67
38 12
73 69
78 83
41 4
93 1
7 8
13 93
98 91
60 92
42 0
47 10
59 81
32 38
51 74
69 39
6 7
51 80
42 95
28 50
65 87
51 72
96 64
30 93
20 90
85 62
56 98
73 14
78 71
52 95
10 87
100 17
60 16
63 69
10 57
18 75
43 69
12 4
99 8
98 19
64 48
47 19
45 19
100 89
57 17
83 67
4 83
50 64
99 79
32 76
35 16
50 45
85 29
49 84
37 12
2 1
60 49
87 71
35 87
59 92
3 42
24 74
91 41
4 55
86 2
30 21
19 47
32 3
76 81
87 12
94 55
80 19
4 67
91 5
53 15
63 22
57 53
97 13
94 0
69 80
2 99
67 21
45 99
92 87
45 78
66 4
100 45
91 3
78 81
8 97
62 37
19 86
90 82
99 84
82 67
29 50
32 62
38 77
60 29
64 71
73 96
76 72
40 66
75 18
12 49
81 74
86 100
59 76
81 24
25 28
91 20
45 89
82 83
32 7
11 62
78 84
57 53
56 97
18 97
81 97
46 28
71 98
27 96
39 75
19 30
69 77
50 13
65 98
96 97
4 73
24 83
57 81
1 12
44 87
8 24
83 20
18 53
85 46
15 90
87 34
20 21
10 36
1 42
34 97
4 4
70 29
87 93
9 55
71 53
41 45
44 23
32 62
43 16
74 58
5 26
92 92
48 69
28 49
77 28
11 81
32 47
9 86
39 86
40 76
4 81
21 48
70 53
77 12
35 50
70 6
43 28
99 91
97 93
5 39
87 83
19 18
30 96
70 35
81 76
11 85
56 99
100 93
17 76
4 52
92 75
58 34
2 56
91 65
14 96
3 0
79 89
86 75
84 55
9 30
31 87
82 53
85 47
45 1
22 16
19 80
91 78
14 59
100 4
23 14
67 93
81 11
81 66
86 31
88 61
61 85
48 8
3 99
55 15
67 43
31 86
23 21
29 3
46 29
74 35
9 40
27 56
51 74
22 2
4 76
64 32
60 78
6 63
76 62
78 42
4 8
95 94
96 23
97 41
18 71
42 94
77 35
50 95
9 72
97 80
13 60
78 73
37 85
35 80
12 80
88 83
54 82
77 50
72 39
57 56
76 66
50 53
0 100
47 9
37 9
56 50
70 33
22 73
84 23
18 96
69 6
79 23
54 21
39 92
60 62
48 36
27 98
55 28
63 1
3 100
10 59
15 46
59 37
86 42
26 3
4 96
76 49
85 97
70 23
88 29
51 1
31 79
99 86
73 27
53 76
26 30
1 41
42 26
44 27
34 37
98 38
99 39
87 83
35 56
72 90
52 22
91 83
0 56
35 73
83 88
15 76
17 83
83 60
8 27
53 42
30 50
47 28
56 100
77 91
56 48
46 74
70 37
22 37
59 57
76 7
45 57
83 28
39 66
54 13
59 7
56 89
23 69
16 79
68 93
70 90
6 15
63 42
18 86
45 77
8 88
51 53
44 33
48 50
99 1
63 23
8 18
11 32
53 27
10 21
86 46
10 92
28 74
0 46
25 45
90 33
32 40
53 43
39 0
93 4
1 55
27 77
40 39
75 93
32 85
13 18
98 91
76 25
64 42
37 55
88 93
88 86
32 6
28 38
6 20
42 75
76 69
17 15
7 92
74 40
42 54
24 39
44 66
30 74
75 34
28 62
26 82
13 59
89 42
63 61
62 4
1 3
73 18
85 47
76 59
53 85
12 77
23 22
8 20
96 83
54 90
10 80
71 24
4 25
32 67
53 94
71 54
64 10
39 48
57 81
73 9
65 51
52 55
73 26
75 34
76 95
23 86
40 61
76 45
86 7
78 38
68 15
59 31
25 64
45 82
44 18
57 76
69 8
30 8
34 71
42 9
65 66
62 71
26 37
15 78
11 60
83 79
75 7
76 66
71 20
13 81
4 70
56 74
44 52
48 78
22 90
54 53
21 82
24 13
85 5
58 96
31 40
40 5
47 15
37 84
2 50
30 6
19 87
46 63
4 94
7 94
50 27
46 37
8 36
51 93
8 8
55 39
14 95
11 27
77 48
77 45
99 6
51 84
59 98
47 64
57 20
57 6
47 69
44 55
5 61
13 80
35 68
85 15
63 96
42 5
10 18
50 75
91 67
58 50
30 71
13 88
91 70
60 3
38 70
58 9
97 38
55 98
5 40
12 34
1 20
39 78
4 55
52 96
22 77
45 18
13 58
72 4
94 99
74 98
68 99
7 31
36 28
28 41
68 41
76 36
27 81
13 32
36 32
27 24
8 72
8 88
96 81
58 89
79 32
86 12
30 59
43 66
88 38
6 21
45 48
57 72
29 37
3 31
35 30
21 9
68 96
97 29
76 55
17 20
87 70
100 16
95 8
48 48
46 20
70 91
69 93
63 64
96 32
61 30
63 48
39 97
43 2
26 19
57 9
5 43
45 4
25 40
13 39
54 25
59 23
16 94
83 45
57 44
77 84
41 5
31 46
69 75
48 95
60 4
70 31
13 15
36 4
21 15
43 75
40 69
65 22
62 13
67 19
57 44
2 98
15 0
44 84
75 58
44 0
63 14
31 42
29 67
47 16
48 56
91 89
24 21
10 87
34 78
72 58
88 40
55 69
40 65
53 81
23 97
81 52
77 12
60 72
45 6
88 94
29 45
82 19
66 58
5 67
1 43
24 89
84 45
24 90
10 77
71 100
39 51
17 16
29 77
54 75
50 42
68 79
87 15
98 18
73 70
85 75
79 8
29 62
54 53
18 30
96 89
96 35
39 12
17 69
89 71
9 38
79 77
83 31
58 47
50 30
83 34
71 61
9 0
90 29
53 7
59 15
96 54
16 0
66 33
35 20
70 44
25 49
87 7
80 44
20 96
41 2
97 11
64 72
11 19
0 31
26 59
46 88
79 62
54 44
61 90
30 97
100 55
45 53
63 92
63 49
53 3
52 49
15 82
20 93
0 20
90 26
45 35
80 23
63 33
33 90
89 64
87 55
85 98
7 47
89 70
97 8
40 14
57 21
96 44
13 96
30 3
88 42
4 33
65 34
66 65
23 21
95 76
42 79
74 49
93 62
85 55
36 24
69 94
45 64
3 25
25 100
95 79
41 99
11 6
99 43
37 89
64 31
64 5
9 37
20 1
66 72
56 1
62 91
61 74
54 64
99 45
64 93
23 4
57 34
77 22
78 13
10 7
10 74
80 20
78 100
88 43
71 10
44 33
0 5
6 21
35 71
66 65
29 56
70 52
56 12
74 33
93 84
7 2
24 87
89 1
52 77
44 90
87 54
22 53
25 95
74 61
31 6
25 60
62 61
11 17
40 86
17 32
35 24
0 25
77 56
26 28
32 36
17 85
91 5
3 82
66 78
42 97
84 34
22 11
61 0
28 0
52 11
99 87
35 100
12 78
55 4
6 53
41 90
3 98
96 6
79 61
50 88
24 100
88 46
10 48
46 5
15 98
16 13
51 52
79 29
96 100
33 1
18 40
92 88
3 53
61 49
80 10
36 3
10 90
16 20
3 28
25 18
93 8
99 9
26 43
38 21
43 37
23 27
44 81
15 47
100 76
96 79
52 98
49 62
87 65
49 91
59 40
75 17
48 39
26 74
83 30
96 92
34 85
18 78
31 100
24 30
75 87
8 94
50 57
55 37
88 70
94 13
10 34
30 24
74 23
65 56
53 60
47 53
10 31
30 41
31 21
71 72
7 45
65 23
69 87
60 56
56 19
35 32
54 32
57 27
55 21
83 74
47 96
27 57
26 57
64 23
44 0
96 17
45 26
41 80
12 67
2 35
87 37
67 40
69 90
33 23
10 82
64 23
77 91
46 69
13 9
93 58
76 54
41 88
80 82
67 59
49 69
94 35
6 26
41 41
16 74
65 93
55 95
83 98
85 28
66 64
4 58
88 80
78 29
67 58
10 34
83 25
2 42
26 75
68 67
16 50
6 47
9 27
41 92
24 92
19 57
55 90
81 43
70 59
38 2
83 14
36 65
40 5
6 66
46 40
100 62
57 72
75 66
66 15
57 56
6 42
12 28
32 94
37 68
52 41
70 34
55 73
65 95
44 37
27 90
77 93
52 100
30 26
65 96
8 88
52 81
30 64
75 28
23 78
96 41
18 31
75 74
3 5
34 47
42 27
37 86
19 55
85 16
47 50
11 21
37 29
2 33
94 43
61 83
21 22
24 39
54 65
12 57
71 13
71 12
40 74
64 26
95 49
42 7
65 53
29 68
83 98
1 42
40 28
91 61
51 14
67 71
80 79
94 50
92 64
28 99
3 93
24 98
7 66
5 38
85 0
5 33
98 73
41 3
1 32
65 18
46 98
55 25
76 48
41 34
12 70
32 82
28 22
80 35
88 51
39 38
51 44
72 14
17 12
17 85
10 48
69 57
45 23
48 88
71 90
21 49
25 19
98 19
41 43
20 95
94 59
32 10
2 70
24 86
49 7
36 59
22 71
82 67
60 30
20 98
86 7
12 77
93 9
96 33
52 15
94 11
74 93
21 42
62 11
95 10
86 97
36 7
68 17
40 27
13 61
91 99
34 3
75 27
12 36
26 31
51 20
42 91
12 64
100 40
41 94
17 26
90 53
33 23
36 40
17 50
67 7
14 0
10 56
27 90
92 54
20 9
40 62
66 18
92 65
58 33
58 41
25 14
94 59
3 97
99 20
46 31
95 26
31 71
82 59
60 40
79 46
49 18
75 14
2 66
80 60
65 3
1 91
84 61
15 88
23 80
7 35
10 68
62 41
39 43
66 99
83 44
11 98
28 86
12 30
51 58
57 83
27 24
73 11
51 54
99 75
33 72
9 43
40 37
84 79
81 16
43 29
60 54
27 55
39 5
51 57
29 74
5 56
98 78
67 15
31 31
56 30
70 31
73 76
69 22
20 49
38 63
44 65
84 37
19 89
8 70
11 37
10 16
94 7
60 26
89 57
24 44
87 60
76 25
35 10
48 55
59 86
84 69
16 33
73 35
22 81
72 33
18 82
16 78
55 76
70 44
100 60
54 86
19 96
11 54
5 25
75 30
77 25
100 94
58 72
28 46
18 66
46 2
47 62
80 69
3 16
12 2
76 32
55 96
28 32
15 100
57 57
30 33
82 96
26 5
33 21
18 51
87 64
20 34
92 100
2 61
82 81
30 58
79 85
19 73
16 0
73 39
57 69
72 4
30 65
10 63
86 95
80 72
58 66
72 15
66 40
42 47
20 72
71 66
22 56
38 4
57 10
43 80
45 82
85 75
46 61
3 31
55 50
2 79
15 75
60 47
14 1
61 1
74 98
67 96
54 4
67 10
82 9
56 93
91 40
68 36
67 37
67 21
53 36
66 69
77 25
82 91
27 42
58 67
40 91
28 60
62 95
36 9
4 92
1 61
32 35
64 99
73 97
87 92
32 52
60 8
44 8
66 71
50 90
3 56
81 31
15 42
93 51
51 63
9 18
23 41
54 87
5 93
50 58
84 82
77 10
57 20
18 89
57 34
78 60
57 24
57 72
32 49
90 49
11 99
68 1
5 21
54 77
80 3
35 63
52 11
39 8
31 57
63 54
58 6
13 14
31 36
52 29
86 7
79 63
5 12
30 77
100 85
20 79
54 55
7 5
32 47
80 29
70 8
83 94
15 62
7 12
98 60
41 49
33 86
79 5
98 8
82 97
59 68
41 80
22 49
51 20
62 31
15 31
39 64
25 20
25 99
32 90
24 40
4 58
25 83
63 90
58 10
52 83
79 94
62 67
42 80
54 70
10 69
0 15
33 92
36 24
57 34
13 47
74 18
4 66
67 33
21 91
10 73
40 89
66 1
21 74
81 75
43 57
44 10
39 43
68 75
67 24
8 47
72 49
65 42
81 98
42 1
55 52
74 95
40 6
62 61
46 9
2 90
66 46
66 4
89 33
45 21
24 20
68 62
35 99
70 15
97 11
16 51
63 56
11 2
28 73
30 75
82 32
30 48
44 62
18 99
61 30
19 85
50 54
12 85
52 83
66 14
94 48
31 57
3 42
25 99
15 21
39 97
19 35
10 63
97 96
27 57
25 13
8 41
67 20
92 18
2 57
33 97
4 64
19 74
73 10
72 88
32 10
50 17
45 61
81 7
22 74
31 47
87 39
54 53
59 45
38 28
1 37
91 72
67 9
45 39
86 17
26 17
94 43
35 5
3 82
12 92
21 9
4 8
48 58
27 74
2 31
1 70
68 92
41 35
67 86
74 18
69 67
2 63
9 37
34 79
85 12
70 72
22 74
46 70
98 40
43 100
71 10
35 39
68 76
40 34
27 13
53 97
46 55
25 55
58 25
100 8
37 69
46 25
8 93
62 5
32 4
71 2
82 5
7 49
47 47
50 41
61 69
3 73
90 95
28 13
19 27
88 22
63 33
48 71
25 9
43 23
80 13
26 61
86 33
77 99
47 26
39 74
95 42
46 50
36 74
63 55
68 50
44 97
49 92
33 75
67 76
64 46
56 90
74 7
90 50
5 2
76 11
76 36
53 21
52 56
62 14
77 29
30 20
25 79
11 24
19 78
0 84
91 22
39 64
29 95
13 0
97 55
11 72
57 65
94 8
20 21
89 97
50 18
84 41
63 95
65 83
39 31
66 29
53 71
59 48
66 38
49 62
93 60
34 15
24 94
23 10
14 78
74 30
96 57
37 58
17 68
6 56
100 38
51 18
9 9
33 75
47 82
36 5
41 36
20 32
29 9
8 43
53 48
39 48
4 76
73 89
44 79
10 9
17 62
94 26
37 26
67 51
7 2
22 15
39 9
47 34
85 21
44 38
70 83
86 40
59 24
28 69
3 39
78 87
67 71
79 70
98 45
87 71
47 9
86 52
18 99
87 2
20 30
40 56
79 93
96 37
16 91
5 86
29 49
72 62
87 50
98 84
95 85
20 8
94 6
60 11
4 12
13 91
8 20
46 88
12 42
91 95
32 63
81 27
78 52
55 64
69 52
13 63
36 34
71 96
40 98
6 10
76 87
68 85
73 13
38 85
21 95
79 19
23 25
12 1
78 67
65 46
86 45
75 21
79 12
17 85
9 90
61 85
42 28
35 14
42 39
99 29
34 44
49 23
69 61
24 12
95 56
24 80
0 100
67 45
11 50
96 87
6 56
71 48
85 73
63 93
78 27
88 11
37 36
35 73
64 25
85 24
81 9
70 47
75 36
58 86
53 53
72 59
9 8
6 60
47 35
18 25
29 5
2 66
8 3
38 38
29 90
62 76
65 31
90 39
33 47
24 86
0 62
10 76
36 84
35 84
18 53
75 13
24 77
80 32
81 84
70 76
73 31
17 37
28 73
42 28
20 32
80 87
94 91
62 97
74 97
80 58
15 20
72 39
97 17
72 43
67 7
85 40
5 2
43 33
75 52
61 61
84 7
47 78
98 8
40 37
71 19
61 86
5 99
92 1
15 29
11 83
36 96
89 41
64 98
41 39
49 68
66 100
75 13
77 72
88 16
75 59
1 36
10 73
34 1
74 16
97 85
65 33
47 19
74 10
16 14
15 32
49 82
31 23
95 74
62 48
56 36
6 23
72 84
96 6
51 35
89 48
87 53
81 33
72 20
43 54
1 59
52 50
6 83
73 0
22 34
48 44
71 21
67 8
71 28
81 21
64 69
69 16
21 15
49 93
2 58
47 3
83 99
53 89
48 92
55 36
93 70
81 29
57 13
37 27
42 18
48 72
53 84
88 75
65 2
67 67
26 80
70 9
45 89
64 59
47 86
95 39
55 75
34 78
55 37
4 97
21 18
34 75
1 88
49 67
90 82
33 15
28 70
91 73
58 55
31 4
6 92
9 61
33 9
38 88
47 8
84 68
26 84
42 95
71 91
27 26
39 26
41 67
96 99
39 20
19 36
91 25
94 67
52 26
76 56
13 22
64 63
91 56
46 99
50 16
90 43
42 95
70 50
61 31
14 66
51 33
1 8
24 61
75 76
88 50
31 0
39 61
64 29
16 76
27 33
93 83
76 0
77 11
16 3
9 97
69 60
29 36
34 53
98 8
95 85
25 25
85 64
86 14
59 69
91 52
1 49
35 43
15 78
21 99
82 30
95 50
56 91
53 91
9 50
65 4
34 90
96 85
53 48
66 78
16 22
30 84
37 31
93 52
8 13
16 56
9 11
73 66
68 25
22 77
75 87
47 75
43 43
59 62
91 91
40 73
12 70
56 49
0 48
68 75
28 84
31 3
61 3
69 28
28 57
72 69
10 18
43 53
27 68
14 84
59 54
56 71
90 11
20 90
26 54
65 20
37 62
23 99
65 59
93 59
15 64
27 25
49 70
44 76
37 59
60 96
79 15
33 69
94 19
24 86
73 55
72 9
16 95
74 81
19 67
5 1
30 32
93 79
1 37
21 5
62 81
67 40
62 100
75 21
18 100
6 57
54 78
67 71
39 40
17 58
73 23
59 3
21 18
48 23
55 35
95 16
82 61
22 10
27 98
31 11
63 4
69 16
48 1
53 87
41 37
11 81
26 36
50 47
54 98
70 8
100 30
91 81
58 13
91 85
77 89
62 39
93 30
21 40
98 41
94 5
78 4
86 3
6 35
50 61
99 87
35 98
83 26
45 40
5 35
91 82
90 53
87 82
49 74
89 47
14 82
52 92
52 3
61 58
38 78
85 36
64 20
34 12
12 45
53 84
46 9
31 36
28 17
17 44
91 5
57 72
53 75
29 4
78 91
63 15
34 13
51 64
33 51
76 11
96 95
95 42
4 92
78 99
75 61
42 32
33 99
3 86
73 32
91 16
89 19
31 22
32 49
86 32
66 28
43 28
22 4
70 93
96 13
92 37
40 33
69 73
99 72
59 37
70 15
54 59
0 51
47 32
66 100
30 32
27 40
60 15
44 96
8 5
75 100
42 14
99 10
54 63
48 79
67 18
60 87
43 60
37 56
58 3
55 89
1 82
28 27
64 38
22 72
43 63
37 52
43 1
28 97
65 77
41 31
61 0
17 70
60 20
25 18
90 81
73 57
28 0
84 92
38 5
29 47
34 66
99 78
68 94
74 99
70 82
96 97
82 12
66 8
99 57
93 55
37 65
11 32
65 62
90 69
33 19
15 68
51 81
45 18
74 85
83 9
66 78
5 14
56 37
22 55
60 14
76 64
45 53
96 76
14 51
44 48
70 25
15 88
5 26
72 79
10 55
54 43
32 25
57 89
28 45
9 89
25 85
52 70
37 13
11 18
64 55
66 0
46 47
88 52
73 59
97 49
80 51
58 12
42 14
0 71
25 9
59 50
60 77
86 63
90 97
81 53
17 12
19 64
59 73
82 98
32 44
13 11
95 71
90 3
52 90
74 77
65 32
94 91
8 45
20 64
8 0
16 25
80 2
55 4
75 2
2 73
47 82
51 7
52 40
10 3
97 84
81 27
82 40
85 90
85 4
53 93
4 36
18 50
4 39
55 79
42 23
52 55
4 2
62 56
8 73
26 4
22 6
99 4
46 83
94 30
87 13
90 57
15 74
7 86
12 28
64 20
17 82
75 21
50 37
43 59
76 35
29 98
41 94
1 53
76 62
50 28
41 39
86 22
12 59
7 91
53 71
78 70
19 52
57 69
55 66
94 30
1 23
95 8
83 96
62 59
23 78
87 64
16 38
52 95
97 59
51 49
97 28
85 15
47 41
84 1
7 78
99 8
67 93
83 15
54 44
74 78
21 27
7 3
65 60
64 28
18 82
43 81
9 28
96 56
69 46
24 42
90 89
16 56
81 100
71 0
9 11
44 98
38 52
67 69
78 31
63 62
79 6
43 88
34 38
10 69
84 0
78 73
89 94
95 35
59 32
35 69
9 80
66 13
98 32
82 75
29 45
36 7
17 79
62 51
84 38
86 67
38 63
6 26
23 67
61 82
99 62
50 7
41 82
87 38
81 69
12 76
80 15
50 97
94 11
13 77
15 99
10 53
28 16
45 51
83 72
32 48
33 49
21 41
30 8
79 77
43 58
53 89
39 2
85 99
80 64
76 95
28 52
13 56
34 58
6 83
96 5
97 28
54 18
69 50
93 14
27 35
38 46
23 77
48 74
75 94
37 16
88 31
34 67
88 68
24 60
17 19
31 13
13 85
31 49
1 23
29 95
24 67
40 47
9 54
87 50
47 90
33 0
21 67
33 75
1 57
0 18
42 32
31 21
83 29
70 84
52 65
44 77
31 84
90 6
37 77
23 50
66 56
16 87
89 49
27 90
72 28
74 80
26 5
68 8
0 37
59 18
2 2
95 100
53 51
73 90
27 96
6 59
17 89
12 5
4 39
62 76
33 35
22 59
6 90
68 6
93 93
25 61
95 86
61 47
36 100
3 29
95 76
55 78
30 67
83 34
72 44
10 72
80 99
30 52
88 64
59 80
22 50
41 17
35 68
30 38
67 100
33 27
41 88
4 72
20 53
5 59
98 82
30 43
80 26
95 67
57 19
47 79
69 54
62 71
88 93
8 54
58 7
47 100
96 17
71 82
70 76
6 33
58 36
42 37
29 37
4 86
22 17
64 58
37 26
28 24
85 36
44 42
9 91
41 71
74 78
53 9
54 59
43 78
62 85
14 57
88 85
42 77
68 72
34 4
64 62
28 48
64 38
57 73
28 98
44 68
76 63
78 96
88 87
73 49
71 53
5 25
38 13
1 72
86 1
77 49
63 71
64 93
9 20
65 3
17 75
72 59
37 15
20 25
1 93
40 38
46 12
63 50
25 30
21 77
31 64
93 60
1 56
52 77
76 84
80 59
58 17
18 62
99 4
53 100
98 93
38 9
71 67
25 63
64 46
39 61
77 31
21 78
53 39
54 28
22 100
88 47
84 72
8 82
42 61
48 39
19 52
14 57
18 39
19 82
52 24
43 28
22 30
72 75
69 92
70 92
57 23
4 40
61 12
89 2
39 2
42 24
54 22
81 72
62 66
20 13
91 29
7 12
59 79
53 94
36 22
51 93
45 55
100 5
33 54
8 38
56 16
63 9
38 9
47 66
76 67
79 32
62 52
44 87
30 97
81 32
86 31
25 30
53 24
2 86
78 77
91 100
93 53
8 97
28 55
63 3
89 7
35 50
60 45
37 56
8 84
89 94
81 80
90 100
3 58
52 47
34 42
46 93
61 20
56 89
75 85
59 29
58 60
80 17
5 83
40 80
32 95
39 12
74 95
79 77
53 30
90 53
72 1
12 32
21 68
87 62
18 45
92 76
5 37
60 77
86 100
56 17
94 95
96 67
55 74
9 7
3 65
27 41
66 39
39 53
73 26
14 57
71 5
32 42
8 92
18 94
57 74
10 50
34 73
83 90
46 92
63 16
56 90
23 88
95 63
40 33
55 21
90 25
93 89
34 1
80 52
95 3
93 72
53 93
44 36
82 56
94 11
72 16
67 62
70 28
24 10
61 45
98 17
70 90
72 3
91 17
22 86
20 14
57 74
73 67
76 55
22 35
32 61
51 99
22 21
26 12
98 54
57 95
37 93
84 8
63 41
25 85
93 46
65 49
86 37
82 27
58 3
62 90
64 13
55 52
0 47
64 64
67 87
58 3
80 7
11 8
14 3
93 6
49 23
21 0
60 2
27 85
73 89
40 36
68 95
55 68
8 85
98 75
72 21
79 17
96 56
25 9
59 84
16 74
6 37
74 32
6 0
16 79
56 57
81 23
17 35
58 25
20 55
0 58
43 45
75 38
0 100
47 26
49 29
66 55
67 40
53 39
6 70
17 28
93 64
52 76
100 76
68 86
97 68
43 39
79 17
77 45
83 24
71 31
53 37
52 86
43 4
91 15
40 7
44 99
38 62
75 37
37 42
22 33
76 31
73 54
48 49
99 97
73 36
94 93
39 45
44 82
15 35
63 22
8 6
20 46
68 61
83 4
2 71
38 44
68 77
64 82
25 29
78 65
65 37
57 3
48 0
51 64
35 13
86 44
20 72
56 54
33 39
59 1
76 63
12 44
39 76
25 30
4 70
95 35
6 17
38 55
85 55
85 19
69 36
29 55
7 52
75 40
91 100
8 32
62 20
42 67
96 34
98 67
70 58
1 42
76 6
63 60
61 47
45 96
83 41
16 57
93 92
63 49
91 71
47 19
91 56
52 53
90 49
86 25
74 87
67 49
93 30
75 20
77 86
82 26
26 99
83 85
56 45
100 12
83 47
31 39
2 84
92 58
99 77
49 72
30 15
87 89
45 27
8 89
13 91
81 5
55 63
57 10
74 56
22 22
69 20
62 37
3 19
61 68
63 9
6 93
25 59
81 36
87 56
24 66
12 4
37 67
33 60
43 74
16 31
96 51
51 57
89 20
77 15
89 5
25 61
98 16
19 44
52 72
66 43
3 78
13 7
10 13
67 53
87 49
85 82
0 1
5 55
22 48
36 77
53 61
37 16
77 22
26 96
61 59
38 30
36 17
37 13
30 4
66 16
19 16
65 86
85 36
6 73
84 43
49 2
70 52
85 13
40 77
8 0
35 12
31 38
29 68
51 26
38 83
8 58
66 73
9 50
75 16
22 24
59 37
93 28
89 77
41 28
20 15
96 55
27 93
93 23
26 43
49 31
93 23
55 58
63 64
7 37
80 96
62 38
32 54
33 87
98 74
14 17
56 76
38 83
68 31
72 61
40 87
92 32
10 46
90 73
9 63
9 90
58 37
94 90
58 26
76 21
67 57
38 22
99 76
71 33
73 9
94 80
96 51
11 72
97 68
44 72
30 20
61 89
23 21
44 81
13 87
1 80
9 5
68 7
48 5
6 20
14 100
100 9
50 78
82 12
45 92
85 75
11 11
29 1
99 40
82 12
26 50
58 1
55 26
8 2
31 15
90 11
81 89
20 98
66 68
76 77
60 26
18 37
38 47
38 36
53 87
14 45
36 73
46 57
65 21
60 62
2 49
73 49
3 59
12 36
27 89
12 53
14 97
56 18
10 95
21 63
47 35
75 49
74 20
5 38
7 65
100 76
80 38
25 50
98 37
52 24
25 64
43 6
27 99
24 37
59 45
100 5
47 74
54 20
61 26
25 34
91 24
10 37
29 35
87 26
72 4
16 64
34 59
36 61
23 60
98 83
72 64
54 18
37 75
4 64
0 29
99 57
20 8
94 49
43 46
75 81
50 57
10 85
15 46
45 38
73 9
87 10
73 41
95 76
15 99
40 82
28 4
38 14
12 32
63 21
44 3
68 61
60 45
11 41
57 22
79 96
31 66
5 3
73 100
80 54
99 86
35 93
90 73
73 68
71 35
55 15
4 22
42 30
33 53
71 91
75 15
86 6
47 58
76 19
57 21
73 21
6 7
80 62
81 52
96 51
53 50
32 57
39 74
53 72
26 23
28 68
5 81
74 52
38 49
38 61
37 10
83 9
85 28
72 31
81 67
48 33
84 81
57 22
20 9
60 47
100 89
14 4
69 54
22 73
69 60
33 5
37 82
15 21
10 53
52 91
86 100
90 35
46 12
57 67
89 84
80 88
38 60
58 73
13 46
45 48
6 44
20 43
26 1
30 36
54 82
93 5
47 82
41 94
61 64
26 49
13 5
2 51
65 60
23 44
5 68
58 78
12 78
20 4
45 50
40 99
98 32
71 45
80 78
4 40
7 30
55 21
1 57
72 32
16 96
42 89
29 100
66 41
44 53
45 89
69 51
54 67
49 91
78 96
68 48
1 75
44 57
96 11
13 34
43 97
29 51
85 24
50 16
32 60
35 77
15 4
95 69
37 43
59 81
4 93
95 6
33 38
63 96
49 76
29 58
38 24
8 22
48 24
5 80
51 40
23 66
44 17
34 47
26 59
27 31
17 88
3 50
25 66
45 40
7 74
64 46
98 38
34 12
63 5
92 13
46 14
45 56
98 79
70 91
3 63
88 20
51 91
70 42
22 82
49 96
21 12
7 86
51 42
98 80
47 89
59 59
70 3
82 67
48 51
57 17
13 44
3 64
0 73
6 22
20 55
18 42
33 25
27 50
33 24
29 47
79 54
72 14
23 53
82 37
3 4
54 17
15 57
81 15
97 53
4 83
74 89
24 7
80 17
57 80
7 53
26 87
6 64
0 97
17 48
33 20
19 54
3 34
77 51
15 39
70 86
22 44
74 46
51 20
30 7
100 37
26 92
90 100
55 91
96 72
4 95
59 23
48 28
23 25
79 39
64 49
91 52
93 65
99 9
85 28
83 50
31 9
41 21
8 96
11 3
34 82
64 59
5 12
87 95
3 32
33 33
47 91
86 5
55 50
14 5
78 97
21 75
72 62
96 46
23 73
15 23
55 80
82 26
92 35
20 95
67 20
27 13
10 79
18 31
28 99
2 72
61 23
47 33
51 42
45 74
15 61
98 36
40 79
62 31
80 48
92 46
