574 442
564 319
791 930
332 940
188 184
264 956
831 946
892 256
429 304
776 510
164 698
832 861
801 19
845 758
116 252
464 164
900 309
564 640
999 826
365 612
721 409
724 286
3 907
624 155
331 983
617 716
610 991
752 819
251 563
279 416
524 388
386 99
82 431
280 454
185 69
318 457
906 769
543 195
882 994
595 275
498 466
501 473
602 711
322 98
61 371
729 587
451 860
628 69
95 974
398 480
670 779
49 291
738 596
128 881
889 2
27 445
41 457
932 650
940 451
50 253
240 903
549 344
222 3
557 631
134 338
296 517
171 890
153 804
68 652
310 310
986 129
110 612
477 444
258 464
826 233
82 244
672 119
512 624
310 410
641 58
446 724
428 34
584 830
959 789
390 753
201 733
591 403
402 568
70 296
109 695
486 212
388 331
490 851
685 286
39 436
737 695
717 27
745 885
766 44
202 298
963 238
804 619
887 982
790 557
703 860
967 191
443 391
269 337
780 83
4 253
682 50
44 69
282 870
267 847
26 676
906 863
664 102
548 445
36 179
384 354
211 647
538 698
393 507
473 980
358 770
771 228
671 754
379 582
196 1
151 388
32 654
451 181
621 368
165 256
206 26
436 144
11 192
251 218
114 330
210 865
295 399
181 236
952 694
501 575
150 368
546 195
211 549
366 60
843 248
97 387
381 317
507 593
413 205
920 315
528 33
845 195
75 59
684 510
518 879
340 24
941 945
84 638
842 43
164 456
825 570
703 523
230 300
903 267
611 306
319 367
433 276
970 254
929 856
461 105
222 137
412 844
161 265
739 274
770 191
509 576
791 860
73 693
531 283
33 813
334 570
143 847
362 815
863 333
347 974
643 531
463 873
698 963
21 393
585 433
770 120
786 601
650 321
996 524
492 242
731 138
878 631
823 375
115 846
821 38
297 881
901 609
52 28
982 114
929 10
125 199
562 581
317 708
306 134
436 159
623 355
21 1000
980 796
97 237
20 202
860 267
732 92
714 516
44 952
305 137
853 513
300 127
827 135
468 301
603 87
643 924
682 317
579 232
189 19
812 66
950 633
518 614
80 371
529 817
103 721
777 52
815 220
546 594
42 318
350 558
472 904
94 596
23 406
951 762
350 812
442 54
404 306
465 196
237 628
4 132
633 455
145 938
618 180
84 325
194 20
434 76
895 415
851 890
807 554
656 392
108 919
906 230
906 63
398 914
731 885
217 525
758 919
40 170
989 294
116 441
880 373
550 929
438 752
785 809
907 850
385 864
670 384
662 139
565 986
258 702
823 442
652 240
499 935
132 254
543 475
736 527
590 673
161 947
269 693
491 138
367 916
144 628
221 260
666 391
711 498
274 508
42 410
590 806
627 644
150 832
668 840
485 629
871 299
102 261
360 548
551 386
991 329
203 564
845 618
99 892
359 43
183 260
841 513
167 896
620 807
485 386
326 274
334 201
688 296
941 262
910 662
255 613
900 338
164 404
977 577
283 681
330 35
62 819
839 505
609 27
479 644
117 186
802 895
114 947
114 291
75 536
69 805
573 520
287 554
423 497
17 306
41 691
138 124
375 451
761 735
567 679
52 611
662 129
565 808
883 992
460 433
558 491
177 422
195 8
285 687
135 660
95 966
954 440
476 736
70 892
116 722
980 432
307 195
120 879
178 534
782 521
532 44
841 629
992 961
937 583
913 969
116 484
338 84
591 973
594 553
342 25
346 921
875 361
387 198
380 498
874 104
812 106
508 190
594 133
326 377
59 614
128 619
354 791
487 97
820 708
263 210
519 460
457 198
521 420
715 342
239 472
937 732
311 791
573 788
124 685
773 337
580 659
964 707
63 816
484 939
863 274
740 880
27 774
132 749
758 82
438 711
235 190
979 22
849 783
115 290
784 638
605 698
238 272
689 615
415 345
117 591
690 808
936 438
112 291
912 659
940 963
659 246
373 847
267 768
59 920
854 761
212 763
629 476
109 804
609 346
443 909
166 442
567 705
462 349
223 227
437 145
52 473
980 91
419 407
39 646
60 378
450 873
520 265
519 144
63 264
276 879
588 594
880 327
366 69
65 588
235 17
820 317
588 424
931 43
393 948
920 549
530 303
280 970
108 245
853 462
647 90
750 759
947 566
117 854
959 235
699 359
762 583
419 372
159 415
145 704
959 984
803 829
312 940
802 435
820 162
854 142
257 539
733 472
687 968
796 426
679 708
235 429
484 604
665 17
469 692
481 742
709 449
390 163
30 316
506 703
413 797
830 604
780 54
98 650
977 483
665 900
818 416
523 300
763 247
454 856
878 992
313 574
308 366
945 574
416 515
7 31
379 572
489 246
329 44
385 803
505 667
726 584
616 384
541 170
590 467
76 785
703 898
40 165
934 750
708 736
300 600
667 368
432 978
944 817
237 374
479 380
245 315
924 888
33 519
799 914
494 575
629 640
117 1000
925 582
161 7
170 806
60 628
140 250
373 472
80 111
690 112
663 626
566 731
324 519
646 88
197 980
356 56
238 865
820 363
350 568
590 34
585 489
624 463
0 420
707 300
803 552
669 617
456 477
423 370
552 464
945 432
148 241
657 588
165 645
750 463
458 353
330 953
521 151
909 963
605 223
670 81
667 223
244 829
219 147
625 128
716 998
780 920
314 601
849 358
627 110
657 423
829 386
388 571
895 248
878 928
200 547
995 373
468 236
614 203
429 745
853 804
242 524
683 122
842 767
132 183
339 485
161 717
677 672
684 84
386 281
336 333
803 229
514 232
332 836
331 976
993 756
241 376
360 535
527 276
805 245
267 858
983 801
327 920
689 556
331 551
684 632
465 714
389 134
670 325
40 674
816 190
147 422
769 863
84 436
539 458
555 988
681 408
804 694
225 970
783 254
653 680
38 507
423 305
949 33
432 268
347 160
507 494
939 576
685 93
980 982
690 553
553 815
748 507
293 450
777 845
183 692
474 413
301 706
992 374
59 625
240 341
808 451
564 874
917 620
383 173
644 936
868 781
698 936
879 93
547 342
753 477
886 144
637 121
905 858
202 48
678 154
404 478
427 61
998 655
361 327
439 841
533 214
712 99
304 824
709 23
571 152
668 143
993 0
294 155
828 346
265 148
169 788
1000 603
815 729
159 951
96 754
377 762
97 319
302 506
622 348
204 397
176 921
78 802
660 877
989 11
823 697
642 178
808 912
446 412
416 467
249 702
968 825
628 798
402 685
554 686
577 423
36 964
545 69
749 731
98 258
887 903
586 834
753 421
721 849
677 421
84 150
257 633
437 297
931 480
394 190
112 555
980 297
299 422
380 766
337 260
198 772
308 638
592 265
595 745
626 540
414 548
505 626
883 674
123 37
57 591
384 530
461 684
582 349
799 365
62 888
838 257
213 792
555 658
280 555
377 918
936 707
959 167
622 313
106 168
559 975
667 491
898 409
65 521
835 6
298 510
99 491
96 778
727 254
631 242
711 242
994 539
101 837
90 663
317 607
313 533
300 305
653 79
926 648
135 74
731 549
944 399
38 660
523 254
292 116
69 253
584 57
545 322
841 629
622 87
951 478
207 41
219 771
806 201
129 740
73 190
330 420
844 858
487 289
129 180
403 616
628 611
453 574
66 337
775 500
597 748
235 889
310 35
890 929
955 830
314 855
579 560
766 278
392 323
644 843
404 422
91 529
274 379
791 499
584 986
748 302
842 261
677 639
165 346
100 109
42 566
803 658
734 957
834 329
648 430
712 164
921 928
485 421
242 945
949 847
564 921
232 565
917 688
483 363
677 454
911 274
234 82
8 687
834 95
838 705
0 426
114 106
929 248
500 430
602 739
777 472
834 995
964 557
425 874
416 105
522 510
551 295
314 520
167 69
153 289
348 999
493 371
509 383
775 503
90 662
143 83
399 123
439 55
961 717
128 682
260 882
505 869
557 426
938 693
602 417
949 6
775 652
689 358
168 771
713 328
25 220
555 167
100 336
996 91
704 367
555 151
561 621
704 160
930 1000
336 759
165 955
834 170
897 571
844 173
472 876
769 529
445 581
768 736
433 710
1 45
213 554
412 934
830 776
846 291
6 578
157 724
56 206
174 64
770 845
297 265
537 883
606 809
1000 396
963 236
367 83
338 826
368 96
214 270
419 347
632 36
988 361
152 291
191 475
332 269
358 202
125 813
773 168
641 775
169 917
572 394
190 171
714 386
639 848
107 376
287 399
891 775
114 163
235 76
765 620
949 148
207 576
110 276
457 451
653 390
106 680
443 273
57 319
693 204
868 912
889 284
853 793
5 231
410 957
894 516
180 98
143 637
452 247
999 972
336 459
750 898
308 991
277 839
458 213
469 12
248 9
647 396
806 241
37 994
361 371
332 519
189 419
664 696
653 885
513 144
667 300
903 84
264 606
970 924
712 55
592 316
449 428
452 378
196 109
238 863
313 878
907 859
179 72
716 52
655 251
979 163
281 713
287 276
226 377
329 22
493 290
714 376
534 406
349 322
116 855
133 767
438 912
907 616
