57 36
46 70
43 86
29 28
52 40
23 63
83 74
1 33
24 78
13 62
60 64
88 94
89 69
93 5
44 5
65 0
7 10
70 50
62 65
44 80
5 34
43 54
7 10
87 31
54 100
59 14
29 12
7 17
82 66
22 92
71 53
92 79
30 28
95 92
93 5
38 64
39 47
17 46
23 70
78 77
35 2
57 64
15 64
81 63
29 70
54 67
22 45
11 52
39 5
10 32
77 14
62 15
61 80
28 84
15 72
26 51
74 84
81 89
13 28
17 43
98 71
9 86
83 20
38 21
92 14
19 35
28 82
50 89
27 78
38 42
49 30
59 90
13 40
78 27
68 62
36 31
32 11
16 81
98 20
69 55
34 54
90 28
35 6
16 28
50 20
37 100
17 96
55 30
35 32
23 69
94 25
66 93
36 83
39 100
2 7
55 3
62 44
31 63
16 14
92 67
0 95
32 17
90 87
14 92
85 3
26 45
29 93
37 31
75 42
31 43
50 86
12 78
96 44
6 12
24 64
79 24
58 77
8 48
63 22
39 47
92 65
92 20
57 95
52 98
37 83
7 53
34 19
30 96
29 2
7 53
67 52
44 24
28 18
72 91
40 77
4 31
8 96
18 31
57 36
96 94
18 2
12 18
88 8
13 17
10 88
36 77
39 46
1 34
64 39
91 3
83 95
1 91
57 86
88 80
21 83
73 5
51 51
23 39
59 2
56 69
90 58
12 96
4 13
29 68
18 19
38 0
81 5
57 3
91 45
83 11
94 21
16 45
72 5
50 30
7 5
65 64
29 77
59 33
56 88
68 75
73 72
41 53
77 99
22 33
9 4
44 2
25 26
13 97
98 63
93 4
34 24
68 64
0 93
63 23
80 97
64 19
68 4
38 10
69 61
43 78
65 53
47 91
45 26
53 42
90 12
13 90
36 81
19 2
40 49
25 19
45 89
4 13
60 43
23 28
3 33
73 34
86 19
91 31
45 44
73 0
56 86
57 92
33 76
60 73
24 86
58 70
40 29
49 66
72 38
95 41
37 67
75 23
52 32
20 63
76 59
30 98
11 87
55 10
28 14
49 53
66 73
89 73
1 3
38 39
7 32
80 45
65 21
34 16
53 54
46 95
79 76
92 90
28 46
100 56
26 14
8 93
88 63
65 89
66 69
28 40
68 74
85 32
95 18
15 13
38 27
7 16
2 99
73 30
10 38
86 37
53 61
96 40
90 26
95 22
95 22
62 28
97 46
27 57
30 42
71 68
35 44
50 37
9 22
33 19
27 85
22 80
11 17
86 1
9 80
23 71
69 51
99 31
97 25
88 93
33 24
60 68
69 76
71 78
65 70
63 92
55 86
37 32
69 22
33 45
68 22
15 36
39 13
33 35
5 88
94 38
11 53
6 46
96 43
90 60
13 53
17 34
4 54
66 39
42 66
84 76
54 65
79 94
79 11
95 50
99 89
88 77
7 60
22 2
3 12
62 83
31 45
16 35
99 82
40 6
47 24
83 1
89 27
61 33
38 55
83 37
43 37
13 51
63 1
53 32
13 82
14 10
26 30
45 92
79 86
64 25
76 12
93 64
39 53
64 78
8 12
81 17
49 60
68 79
27 88
10 7
69 25
17 61
21 63
18 100
14 49
92 56
61 84
86 0
3 49
44 78
62 91
95 77
16 63
55 43
50 66
50 85
57 68
45 78
97 30
44 77
79 35
32 39
18 17
5 88
33 49
65 61
5 60
3 21
22 25
65 38
91 81
22 13
14 33
57 10
63 0
53 41
35 85
47 20
69 52
7 68
68 73
28 39
32 31
61 20
22 92
58 12
72 46
92 53
79 49
63 42
49 16
49 51
67 96
71 1
14 78
69 48
16 63
87 48
61 47
34 83
4 58
62 43
3 53
96 83
68 24
24 84
6 39
34 74
35 4
75 49
48 10
97 65
73 49
79 33
63 13
16 67
71 78
76 75
30 71
23 65
96 47
48 1
86 82
41 87
52 83
1 100
93 64
64 65
13 43
65 76
22 81
8 93
58 85
33 54
21 56
18 16
69 66
85 21
13 92
74 65
74 76
65 32
39 95
64 18
3 28
94 25
8 69
85 32
53 17
52 74
40 71
57 75
2 7
96 16
99 36
47 39
11 11
37 16
73 0
35 76
28 95
68 2
63 52
34 82
35 87
56 75
23 79
50 92
86 11
7 50
47 55
55 24
32 93
7 71
93 42
47 88
2 14
56 32
32 91
13 67
43 35
8 32
13 58
23 65
35 98
82 49
18 36
39 16
28 46
88 88
54 0
41 57
81 97
55 12
53 34
79 62
36 87
94 15
10 84
81 12
81 62
27 65
98 66
81 93
12 68
46 66
34 87
89 14
83 43
26 2
44 72
64 80
24 24
95 1
7 41
80 54
2 6
18 67
72 65
25 84
100 71
50 33
57 4
48 5
14 40
7 58
78 72
3 69
62 98
70 69
39 49
89 7
55 73
40 93
37 65
77 2
35 93
36 58
97 50
30 77
56 3
34 34
41 3
69 2
1 4
37 6
53 25
80 74
64 20
66 1
51 8
70 87
0 5
10 64
21 6
40 78
10 41
78 51
44 46
54 11
50 91
84 69
83 64
8 46
50 40
13 0
49 84
53 15
55 30
79 77
36 86
54 46
93 98
64 36
43 17
14 59
74 98
27 56
27 35
69 43
75 82
10 90
65 29
5 20
59 50
97 62
35 16
7 27
13 37
30 22
54 44
81 95
7 74
16 1
75 85
44 49
67 20
5 98
50 10
84 8
60 46
70 96
62 44
89 41
81 18
29 1
28 76
62 36
49 78
37 23
63 47
39 96
68 44
59 17
54 43
92 80
89 62
41 17
72 30
24 18
14 54
19 43
96 81
79 45
25 82
34 54
28 73
49 62
83 7
79 2
16 71
83 5
99 23
89 36
19 12
54 34
32 40
77 28
20 21
73 45
2 73
99 97
46 13
59 95
88 3
98 3
40 80
75 4
69 63
40 55
42 95
89 74
34 31
68 20
52 40
32 20
13 97
83 25
77 41
19 30
11 83
100 51
28 75
56 98
3 96
18 11
56 6
52 56
3 19
43 21
26 75
41 39
37 23
30 13
31 15
43 42
99 43
93 26
84 14
90 53
77 7
65 32
80 16
55 83
35 98
3 61
38 10
66 75
0 62
55 98
78 64
39 42
73 98
68 56
12 24
76 55
31 40
53 78
22 7
60 23
71 30
85 8
6 16
50 73
79 71
70 22
0 75
64 74
73 98
96 51
21 71
5 53
77 58
30 65
32 56
89 2
52 39
78 59
55 94
98 100
64 68
21 64
42 51
3 81
49 100
31 70
36 2
89 13
27 18
78 59
41 66
27 59
4 4
84 26
98 82
25 61
49 13
92 57
64 95
38 12
60 35
83 97
38 71
9 65
56 53
90 63
86 16
21 56
21 5
82 18
87 74
46 1
87 3
58 50
98 96
63 24
31 11
20 35
82 96
66 3
48 55
66 33
71 88
56 58
93 37
43 45
10 55
46 63
58 3
13 21
100 76
45 97
53 65
98 34
60 63
38 75
17 70
74 54
57 29
79 15
33 21
60 43
76 5
6 100
9 86
87 75
27 32
37 80
63 34
80 90
97 17
64 80
54 3
100 10
33 78
26 66
65 86
75 40
58 47
5 67
32 93
7 25
24 10
4 53
44 85
42 6
68 72
86 21
76 51
99 75
29 91
40 94
42 81
0 100
95 5
32 93
98 39
18 88
49 89
7 59
73 15
65 7
88 16
95 29
68 93
3 63
83 9
56 25
56 22
24 50
95 57
43 58
62 61
46 78
49 19
2 89
34 68
96 88
50 56
16 84
49 86
46 31
61 69
56 17
57 47
33 51
70 76
9 98
2 21
75 18
40 44
73 40
78 34
28 27
90 10
78 38
63 90
36 23
58 58
6 82
4 40
32 40
15 41
38 85
28 79
2 68
22 41
75 100
75 2
94 64
79 71
2 41
60 4
31 85
62 37
66 67
77 64
6 93
5 10
43 100
90 11
34 11
52 8
78 26
77 71
90 21
7 58
63 67
62 94
17 24
30 83
57 7
47 29
66 18
40 8
84 96
86 17
73 37
25 50
63 68
87 18
90 94
43 18
27 4
11 44
95 7
94 17
81 6
47 12
91 53
87 74
48 72
92 20
8 83
71 71
17 23
56 6
17 99
24 10
69 1
54 64
8 47
47 56
19 94
68 9
46 55
84 60
93 41
81 1
90 17
38 6
40 94
12 23
92 2
33 61
3 54
91 79
67 37
34 87
98 68
62 9
22 11
70 82
52 16
83 8
100 87
14 5
47 94
29 38
96 28
65 100
48 21
44 82
25 78
68 22
45 96
31 34
7 67
15 59
49 64
67 48
16 48
54 63
41 49
1 36
43 32
1 92
20 45
73 45
89 6
67 0
1 64
34 8
98 15
34 46
45 67
61 61
14 14
24 55
63 92
58 72
90 25
29 9
37 1
54 25
74 87
25 42
17 25
16 81
6 50
26 51
84 87
79 98
67 2
19 96
60 43
68 49
68 97
59 4
65 79
97 4
32 88
46 49
13 63
29 19
79 21
37 62
75 15
60 41
84 45
3 43
88 71
92 21
33 16
93 98
96 55
2 27
42 14
42 21
77 37
7 56
24 44
17 99
25 43
6 8
54 9
51 7
46 8
96 79
25 88
43 20
8 11
13 50
25 21
72 69
24 45
91 48
89 74
47 80
84 19
88 37
95 4
11 6
12 6
51 37
60 94
23 68
71 2
84 63
23 21
31 47
66 21
96 54
61 8
33 44
94 87
82 54
91 93
60 3
65 10
6 24
71 30
92 41
99 41
3 22
63 0
35 28
88 97
83 49
71 82
93 30
35 40
84 25
99 43
95 63
54 1
87 24
98 44
31 96
86 35
84 48
35 86
76 90
82 24
38 19
73 97
49 7
37 33
99 35
76 94
65 96
61 51
19 24
62 51
86 47
52 70
61 53
55 2
42 2
27 80
21 66
77 71
73 80
3 37
14 45
30 79
41 57
97 60
81 58
77 33
71 28
69 98
82 23
100 90
92 93
70 13
58 12
50 97
92 53
34 72
64 30
17 4
88 80
31 34
3 7
33 74
2 1
71 50
91 36
39 83
29 75
62 53
87 11
50 44
30 50
83 94
80 100
99 33
79 29
34 48
2 67
21 4
69 58
54 59
94 60
41 89
34 69
42 21
80 58
31 76
7 13
70 53
12 34
87 57
29 87
4 98
53 92
69 88
15 22
47 76
82 54
64 16
23 72
3 69
96 34
45 2
48 81
22 26
81 8
50 76
61 20
73 13
79 41
1 94
30 14
69 78
68 100
94 57
37 63
26 33
64 37
1 78
17 23
3 98
98 19
73 58
6 11
72 85
53 39
78 83
53 13
60 87
79 20
44 15
49 36
14 12
73 16
90 90
39 60
53 37
45 92
95 51
2 32
35 55
37 80
3 56
59 30
43 37
50 53
18 65
89 33
78 27
49 67
83 54
93 35
57 38
26 18
89 28
50 91
50 54
70 19
9 95
49 18
98 65
37 15
30 92
14 7
18 29
40 0
84 33
1 40
71 27
58 25
22 75
15 38
95 51
57 70
45 6
89 8
71 92
91 67
84 4
74 1
0 81
69 84
13 70
90 50
64 14
41 52
55 57
56 49
74 12
85 86
85 73
94 22
65 84
89 14
89 63
15 89
9 50
38 22
87 94
38 16
7 79
68 28
35 23
43 76
1 28
61 53
67 54
75 98
38 63
11 93
92 94
81 0
43 85
89 96
78 26
11 52
5 45
46 6
34 90
82 36
84 42
89 50
63 29
14 0
92 25
93 50
18 39
16 28
23 5
23 67
98 35
85 2
80 31
76 14
87 23
16 36
32 71
86 95
100 100
95 91
92 53
6 9
92 23
3 81
28 27
13 25
28 99
95 74
96 36
88 48
59 70
84 91
40 69
85 39
35 45
97 26
98 2
1 89
92 5
35 19
99 49
11 26
47 72
100 8
7 54
56 66
90 39
23 30
74 74
35 8
19 31
0 83
0 69
38 92
40 73
78 38
21 55
30 34
26 96
42 33
49 64
65 39
2 54
35 77
28 70
51 13
68 52
96 68
87 33
25 26
73 69
64 60
23 60
95 49
55 2
48 71
67 80
76 69
33 10
11 27
46 63
40 80
81 2
13 67
1 39
59 74
7 22
34 98
48 95
12 2
97 61
39 29
6 14
65 39
91 76
33 37
4 73
83 85
41 97
17 43
35 76
83 8
64 83
5 11
77 85
81 40
45 19
35 17
34 100
56 91
76 89
94 46
28 77
31 35
73 48
44 7
24 27
82 88
76 54
66 19
38 46
59 49
65 60
66 65
60 88
56 1
43 49
47 37
25 78
72 98
93 83
71 83
9 19
36 51
73 1
70 77
13 95
25 79
55 57
9 14
10 65
82 53
81 28
90 5
73 28
70 31
10 40
13 86
59 49
36 98
17 73
74 30
67 65
75 21
88 85
1 99
49 83
17 96
78 74
1 16
1 71
47 78
77 26
29 2
41 31
100 58
3 40
55 71
71 29
58 59
13 26
23 29
75 40
24 52
13 92
68 81
62 81
24 5
6 53
7 48
85 73
72 88
79 26
24 50
56 49
75 35
75 64
64 49
3 55
68 84
46 1
30 75
83 55
80 89
74 53
2 58
92 75
