141
180
47
23
83
133
93
168
128
58
184
72
97
67
117
176
93
73
97
153
80
98
120
70
161
112
90
178
148
108
106
119
102
37
121
145
106
74
105
104
103
142
97
110
93
106
132
130
151
131
53
104
114
150
119
185
31
179
7
71
104
98
101
66
91
53
69
69
167
102
136
105
142
94
136
149
74
140
105
158
101
71
32
52
190
150
137
22
101
91
180
141
17
127
116
184
93
187
25
89
157
70
123
34
74
57
97
106
108
137
47
72
39
96
26
79
87
38
107
165
132
66
117
109
136
113
63
87
108
133
167
81
92
162
125
111
145
83
113
50
169
95
80
64
96
187
39
47
86
129
31
132
149
103
103
108
115
133
183
46
161
3
166
131
125
125
96
131
134
104
51
72
111
25
135
67
135
93
188
81
148
166
127
86
129
96
98
111
105
133
172
166
136
104
147
132
90
68
125
76
107
64
139
77
175
80
140
115
136
96
137
40
156
107
25
131
53
67
32
99
118
150
89
64
149
73
118
7
87
85
131
77
108
174
53
44
183
127
89
94
149
53
45
139
75
176
137
53
162
83
