13 17
53 10
24 39
40 47
96 49
20 9
28 31
54 24
60 77
90 41
10 18
75 13
62 1
97 43
12 33
11 25
16 30
35 40
70 42
54 65
57 74
40 51
4 94
75 31
70 64
38 47
83 12
60 10
80 56
20 58
55 31
84 71
28 85
78 64
93 31
95 49
4 34
66 75
28 40
5 64
4 44
10 53
22 70
29 69
26 49
26 47
47 76
18 75
61 62
38 19
93 32
69 97
32 34
37 60
41 9
91 11
53 0
64 41
71 59
9 63
8 36
76 55
11 60
96 38
21 100
58 13
31 93
76 29
93 13
90 33
89 80
10 7
46 74
48 16
100 24
45 7
60 88
62 37
47 57
42 69
56 100
48 53
58 24
48 16
3 37
16 92
83 26
65 29
67 12
11 66
36 23
73 62
10 0
66 57
23 7
92 45
73 40
64 97
30 11
12 100
