71 60
40 13
55 71
10 91
92 84
56 64
55 64
45 89
91 30
11 77
26 44
67 7
80 54
8 63
39 41
29 77
0 69
90 56
39 100
12 98
49 68
61 3
31 72
93 88
1 70
65 94
80 98
1 25
17 76
88 23
16 84
100 83
18 89
38 58
88 16
21 2
84 82
6 81
53 65
69 20
0 100
14 80
63 82
4 80
57 59
2 39
42 1
21 60
90 26
84 43
42 4
46 93
52 18
73 71
49 7
92 49
73 72
95 35
53 65
82 9
23 84
48 31
52 35
92 7
61 41
17 3
12 29
62 64
47 34
1 62
8 93
10 47
64 71
49 83
35 30
92 25
80 5
56 31
40 47
5 68
55 22
71 67
51 32
97 64
32 98
25 6
56 1
54 86
72 69
68 73
99 25
98 44
30 54
42 37
67 47
4 21
35 41
54 86
39 51
49 37
48 40
44 4
41 64
90 79
32 24
17 97
49 15
40 46
35 48
83 68
95 53
56 96
94 9
81 32
26 96
69 75
1 79
45 8
42 0
87 40
24 71
36 40
52 43
86 87
57 34
20 18
87 76
13 80
52 95
78 78
56 12
18 58
92 63
66 100
30 19
6 20
56 8
60 7
17 11
94 75
45 13
93 31
56 5
77 7
66 20
51 89
33 70
12 91
99 78
56 28
63 28
15 18
37 75
25 54
53 85
95 98
65 87
96 87
59 72
94 24
93 10
79 92
80 91
82 79
35 3
73 98
32 88
83 69
29 74
89 82
25 84
45 56
36 40
42 95
12 1
86 71
11 64
62 92
55 9
36 90
12 75
53 10
29 1
79 24
76 34
5 67
84 16
22 19
57 64
81 35
65 66
72 76
96 33
33 50
8 69
5 87
10 25
98 39
26 42
63 68
76 34
34 25
50 56
45 73
86 92
74 16
57 45
93 18
44 92
35 52
27 40
39 37
65 2
76 58
44 4
25 87
38 60
11 54
82 22
94 34
13 67
50 36
12 8
55 56
0 90
75 27
96 80
30 27
82 5
85 25
76 9
78 80
35 90
33 84
78 93
17 92
60 33
94 38
42 48
94 8
3 34
35 100
13 65
26 95
36 77
87 78
86 64
57 88
19 56
37 64
49 54
21 8
53 14
12 95
29 5
2 32
6 3
98 19
34 90
81 36
66 67
13 18
97 70
5 83
26 42
12 41
62 33
15 14
13 27
76 42
32 78
41 4
48 38
24 82
95 71
18 60
3 31
44 100
68 15
48 60
23 26
0 85
59 15
66 73
42 41
81 40
85 21
45 99
26 35
81 87
5 65
46 8
62 91
74 29
72 89
89 96
14 89
80 40
70 11
12 11
18 59
52 70
47 63
68 39
98 14
25 69
79 71
77 41
27 50
36 100
4 25
61 19
80 40
59 50
18 37
27 36
62 45
5 8
7 40
47 71
54 72
39 33
9 15
40 2
32 76
68 2
67 28
21 47
35 46
63 53
83 90
55 45
35 27
19 8
67 67
80 20
4 85
19 13
0 59
16 99
1 84
0 68
12 89
14 47
0 43
66 84
100 20
95 0
47 80
8 80
46 54
0 51
39 86
30 5
11 46
70 12
97 36
80 8
24 61
21 25
70 87
75 69
73 35
69 20
14 44
100 27
98 66
44 2
18 74
7 29
87 77
41 83
80 87
57 3
13 44
95 84
97 35
52 69
36 88
55 17
31 21
10 95
87 54
98 71
94 71
100 46
14 6
28 94
60 51
63 73
95 24
22 57
59 41
26 62
28 47
79 25
68 55
19 21
75 83
92 68
54 92
14 68
64 8
27 23
26 90
63 87
13 85
44 39
25 36
0 19
83 45
44 17
100 30
38 74
12 96
7 32
53 88
66 17
63 93
6 89
83 69
41 96
54 85
0 45
87 0
65 70
11 8
87 77
4 91
50 17
86 24
15 39
11 82
22 74
74 28
28 22
98 70
85 17
20 85
62 7
52 93
43 63
1 96
40 72
86 56
89 37
46 71
76 58
52 98
98 92
93 93
81 90
28 65
6 48
15 34
21 67
27 64
97 95
59 2
66 10
58 21
48 4
92 90
28 9
54 92
67 46
50 13
1 78
78 74
26 60
7 47
26 0
78 22
61 36
91 27
13 49
14 27
19 72
16 13
47 36
71 80
48 21
94 49
99 71
22 24
30 97
38 23
97 15
11 58
17 2
51 97
17 31
23 2
2 6
15 15
42 86
95 91
6 88
5 5
25 28
96 21
24 100
44 87
81 22
44 65
24 61
61 7
92 85
9 94
91 91
8 99
76 70
55 49
57 61
20 48
89 82
70 79
82 80
65 62
1 76
26 92
36 54
65 28
38 74
88 95
64 63
59 6
32 14
55 55
41 41
3 96
22 73
74 3
18 38
32 20
13 24
78 16
78 43
44 82
83 98
42 47
60 1
19 92
82 74
13 22
81 16
17 2
55 57
73 73
61 4
59 75
95 37
57 39
46 0
87 28
98 29
41 24
97 60
82 44
100 95
66 80
10 49
49 31
5 21
4 66
92 63
6 86
66 63
91 78
29 78
73 94
73 13
17 69
40 99
12 5
60 44
52 36
93 0
68 64
21 72
96 79
0 69
64 33
98 21
10 94
99 83
87 71
63 3
39 69
68 17
74 27
61 25
64 19
92 31
49 79
69 44
57 35
79 88
34 77
8 45
70 6
94 22
43 56
92 48
24 59
65 65
53 92
56 83
77 48
80 25
26 48
35 50
49 14
37 84
57 11
95 93
84 88
14 26
10 5
40 34
30 71
99 83
62 55
31 38
69 10
29 61
24 64
10 74
78 13
23 0
24 17
93 74
71 6
100 81
78 39
15 8
9 80
57 37
0 89
41 35
99 70
97 23
34 73
63 78
87 52
79 77
69 37
51 39
44 16
87 88
22 68
62 98
47 19
35 14
74 42
49 38
12 11
61 46
85 90
90 37
41 34
80 76
72 97
82 82
13 68
69 1
35 31
99 48
16 100
28 90
42 44
27 20
55 55
32 5
10 21
42 52
56 22
94 94
18 75
75 98
8 9
99 43
40 64
58 22
63 52
11 71
96 5
91 51
60 22
22 36
44 65
88 66
53 82
59 37
22 100
1 31
8 100
40 15
63 98
37 93
50 15
63 11
20 54
62 46
42 85
82 52
15 36
17 34
84 42
71 5
41 38
2 16
38 43
31 67
40 34
25 56
49 89
68 35
8 96
47 50
46 96
2 27
31 86
61 81
28 99
52 35
36 55
51 40
98 48
74 3
83 99
26 98
87 60
33 61
21 80
11 68
75 80
61 72
65 22
18 59
87 71
95 89
25 11
29 89
60 2
58 42
0 84
5 54
43 38
14 65
85 92
99 25
71 25
64 2
13 82
61 100
52 21
89 43
33 84
98 93
86 56
0 52
5 5
5 49
10 20
80 95
78 44
86 49
69 49
51 83
31 78
48 49
100 2
59 32
86 56
91 71
78 91
23 84
62 95
99 72
81 44
66 59
54 52
74 22
67 91
71 64
68 86
13 33
88 38
65 74
60 55
10 38
11 100
88 74
95 86
45 41
96 78
100 49
96 73
37 62
29 8
26 98
60 5
30 47
43 62
20 2
83 31
6 95
30 94
68 91
45 79
32 40
56 98
89 51
37 93
13 66
67 39
29 26
44 26
73 53
88 60
21 70
91 28
30 87
88 98
78 100
43 76
39 99
73 95
50 9
87 63
76 19
68 71
45 78
97 17
30 84
77 51
20 33
45 16
87 33
81 30
32 23
5 37
21 78
98 71
54 50
100 29
69 33
100 13
10 63
98 6
12 40
58 99
74 69
15 60
1 96
90 100
18 61
3 39
4 0
77 58
17 42
53 86
42 19
66 18
82 29
25 94
69 49
93 8
17 7
34 86
69 90
85 87
50 88
92 55
55 34
79 72
43 32
23 85
51 55
2 32
84 27
92 19
42 50
27 60
23 62
45 92
51 96
78 68
50 36
89 71
70 67
42 12
99 31
63 15
53 66
13 36
59 5
55 1
55 49
27 79
10 38
36 27
33 14
61 49
16 49
19 52
16 27
65 81
25 94
97 78
59 9
80 18
81 35
86 2
50 79
47 60
16 83
53 15
63 81
65 79
29 50
31 11
44 62
59 69
55 21
46 81
30 92
65 78
26 50
80 42
28 26
68 10
8 21
25 38
68 56
16 97
73 13
75 16
41 100
85 63
20 97
43 16
88 7
94 81
23 73
22 51
65 91
27 40
78 52
78 45
75 60
7 47
40 48
63 81
47 13
43 67
9 52
50 63
59 43
9 82
83 32
99 47
89 25
53 66
44 97
77 85
23 84
31 63
99 60
9 45
73 19
79 48
71 28
77 30
71 87
78 19
85 77
33 73
68 86
4 78
49 81
62 72
30 93
0 28
18 9
40 91
95 18
4 66
12 48
62 83
34 5
69 18
82 1
57 16
87 27
94 1
74 56
73 3
14 73
99 33
83 4
90 43
22 61
8 34
8 36
83 42
42 51
26 90
18 49
5 5
76 66
6 49
21 46
18 35
18 83
34 67
87 24
10 75
85 85
75 93
21 24
0 29
75 93
18 60
7 91
65 83
56 37
98 43
49 15
78 68
99 79
0 51
2 77
26 53
62 0
11 49
24 78
78 66
36 62
25 43
52 56
25 7
59 22
16 75
3 95
42 68
39 8
19 41
86 45
60 13
11 71
28 2
14 72
34 50
33 25
93 52
47 84
25 5
72 42
46 75
2 54
43 41
63 28
48 14
39 7
94 50
44 88
18 58
59 52
7 58
43 100
9 90
49 1
62 20
9 7
95 11
62 3
18 91
31 66
4 70
39 64
87 83
51 4
6 9
23 80
33 66
45 9
56 94
10 84
13 19
91 7
97 52
78 14
42 8
80 12
45 85
76 31
33 26
1 39
1 91
85 35
57 29
44 79
22 20
62 35
39 18
8 1
37 86
15 45
61 61
58 72
45 100
69 44
26 70
49 94
27 33
95 50
62 38
28 84
24 56
85 29
74 93
30 77
45 45
22 5
72 80
43 16
79 11
26 71
47 75
31 74
7 25
23 35
30 17
18 54
73 2
84 13
62 80
56 6
25 78
78 97
57 20
80 2
31 72
39 44
47 36
85 20
62 7
56 58
25 40
11 64
9 61
43 71
41 100
43 32
43 20
95 0
6 40
69 3
12 74
47 25
10 31
45 38
5 67
96 97
74 6
60 83
34 70
53 75
35 62
73 78
82 67
44 88
74 79
91 86
19 3
77 29
35 21
67 40
55 28
36 28
34 62
10 34
98 29
75 99
91 47
77 38
81 87
25 54
32 82
39 51
85 82
80 86
69 12
25 23
40 27
17 40
56 94
41 19
22 15
18 79
63 61
16 43
47 7
63 79
55 1
96 40
49 75
92 17
53 84
41 59
10 58
66 32
52 6
52 40
21 70
86 50
30 68
59 43
76 21
89 97
89 84
36 37
25 95
55 78
78 62
3 54
86 69
87 3
41 38
44 28
74 96
79 70
63 37
12 38
25 0
35 13
51 37
17 76
98 72
19 75
100 22
29 85
91 82
89 98
86 99
26 59
94 4
28 56
7 6
61 99
74 62
12 24
99 96
100 63
33 18
37 32
41 32
16 98
13 4
96 65
2 88
23 96
58 17
18 65
91 79
30 64
40 8
88 4
3 53
67 36
71 4
68 78
2 84
76 83
55 37
47 23
91 71
86 48
54 3
79 44
82 8
74 21
16 61
25 19
13 59
55 51
29 89
28 31
39 70
13 94
73 61
83 63
98 68
10 17
71 90
28 52
98 1
39 14
29 31
100 8
90 21
59 18
9 88
15 14
23 29
74 97
56 57
59 19
24 36
36 96
25 30
13 89
32 19
2 27
16 69
35 5
90 95
90 65
48 71
80 37
66 53
33 21
76 59
6 0
95 9
62 86
39 41
74 71
60 43
64 76
11 100
47 67
60 2
98 7
74 43
10 39
63 44
27 38
69 33
38 63
42 66
48 82
7 21
18 33
64 83
76 41
82 22
7 7
92 5
81 65
48 91
3 10
34 30
15 2
30 53
31 72
19 45
53 93
67 38
25 97
87 0
4 34
90 11
41 81
83 21
45 98
11 14
74 12
45 89
81 75
8 12
12 94
57 32
86 90
70 10
53 56
78 57
90 67
34 97
47 17
17 92
81 28
5 20
6 16
76 88
57 84
66 70
77 89
1 28
79 37
4 98
59 82
54 14
48 88
10 95
71 27
52 51
21 24
38 28
40 13
82 64
97 47
33 39
35 0
33 80
37 37
77 96
19 97
9 33
85 86
95 55
12 12
73 100
36 77
27 43
90 75
6 52
88 39
91 23
39 90
69 42
26 12
3 11
8 12
11 59
98 5
81 76
17 19
75 20
96 69
63 85
9 69
36 98
74 93
87 12
82 55
20 74
33 23
52 42
1 63
0 99
34 81
40 17
100 81
37 61
15 100
45 25
68 47
22 41
39 8
19 87
29 39
27 63
28 79
71 29
7 37
94 41
85 33
24 50
14 62
11 29
61 22
20 96
70 42
2 75
16 89
28 46
94 55
75 22
100 45
51 6
48 11
13 32
44 37
83 24
99 94
20 26
15 40
88 51
49 56
26 65
44 54
10 4
75 51
93 74
96 9
80 44
20 59
42 65
96 24
55 61
84 75
53 66
15 40
16 30
62 8
95 6
28 5
77 2
22 69
76 18
78 21
28 99
46 70
29 8
61 84
69 44
59 88
76 40
27 59
70 55
67 64
61 96
35 3
64 58
72 40
42 16
27 36
14 74
72 43
82 32
93 16
43 51
3 85
57 97
43 93
51 77
23 79
38 24
82 1
48 20
7 90
36 1
92 16
75 64
59 22
62 51
4 4
69 7
90 92
70 99
85 20
75 7
65 12
31 13
14 80
33 88
35 35
89 94
51 29
57 76
51 85
93 55
56 27
28 11
19 98
9 70
85 85
77 15
63 74
28 43
19 27
31 21
62 19
14 12
49 37
54 66
88 47
88 43
40 15
54 59
80 64
28 30
14 71
45 43
11 74
87 97
0 84
17 29
69 98
41 17
0 62
50 89
75 37
31 14
18 52
74 64
82 68
94 96
39 5
38 16
79 91
12 45
74 97
74 43
60 82
26 27
43 42
15 17
45 12
31 30
64 71
94 45
39 54
6 44
59 11
26 3
68 38
14 42
0 89
51 61
36 43
88 45
86 69
62 30
47 59
60 78
97 20
22 1
74 96
45 99
73 37
1 40
41 82
82 42
70 99
69 72
42 22
16 94
91 78
23 37
3 50
14 100
70 3
0 9
65 11
7 37
14 75
77 55
56 25
97 93
23 31
64 31
53 81
24 43
24 14
47 27
64 27
93 100
97 59
8 27
36 82
64 50
22 7
5 44
99 68
36 88
100 0
19 52
47 9
62 71
23 75
65 53
1 23
52 65
49 26
92 85
74 22
1 96
29 73
40 27
6 42
14 5
8 100
24 55
9 52
93 32
26 23
52 94
46 3
24 61
97 83
46 70
4 13
32 100
86 72
26 58
13 6
30 22
73 20
43 82
72 35
80 64
24 31
23 71
1 48
31 98
97 43
33 0
22 65
100 74
36 92
32 16
64 62
4 36
82 13
84 19
15 30
83 39
27 72
9 28
86 7
92 82
16 25
82 39
90 47
12 93
38 10
8 69
72 79
4 19
92 55
38 6
85 87
46 11
59 21
6 10
95 98
93 78
89 74
16 79
88 95
71 25
72 45
94 43
23 65
29 81
86 33
54 70
87 100
47 11
87 19
21 48
17 13
25 5
54 41
50 41
1 20
32 73
31 93
83 54
23 78
1 8
10 55
44 63
20 91
74 6
10 96
54 94
75 79
65 95
86 15
1 54
1 0
26 33
59 75
53 82
52 20
90 29
75 100
92 95
90 66
68 66
27 88
59 1
33 91
63 18
5 64
72 73
64 65
72 22
5 25
70 58
11 25
87 87
24 78
47 81
9 14
46 36
2 72
4 35
62 67
19 33
97 58
5 27
89 78
15 94
69 86
51 80
10 3
32 1
82 80
82 91
60 27
94 62
65 98
63 26
64 83
59 60
6 31
87 95
75 69
88 43
54 5
89 30
8 88
31 56
67 79
13 26
73 6
55 37
3 17
64 33
66 89
93 72
19 46
32 60
14 87
69 34
92 58
64 100
45 62
22 78
6 35
70 79
41 24
16 44
8 46
77 74
34 35
12 20
47 10
80 27
97 49
61 88
73 92
54 84
19 76
27 25
77 97
4 17
88 87
27 96
32 70
69 32
71 47
18 85
58 65
11 54
80 73
8 18
30 28
68 49
70 95
40 46
91 10
29 44
97 22
39 95
92 75
94 28
21 11
12 45
42 24
66 21
63 74
39 93
1 6
7 37
67 47
83 24
58 11
68 20
100 7
15 57
82 8
85 69
86 64
14 28
54 46
15 16
19 21
75 87
27 48
90 61
95 72
85 18
49 18
39 48
25 20
4 73
95 55
8 80
18 22
74 72
34 90
54 19
10 28
72 3
42 61
64 3
32 14
21 47
33 26
61 58
12 31
98 6
86 5
53 71
94 26
8 27
15 63
46 25
57 17
96 100
78 59
2 76
74 90
89 73
16 49
97 95
80 94
1 31
99 54
1 92
80 10
85 62
73 30
53 96
13 48
95 57
74 63
32 47
53 20
86 35
35 82
29 14
76 97
46 40
50 13
99 97
23 83
24 62
80 77
58 59
25 18
16 99
82 14
11 34
35 97
35 36
44 30
51 19
27 63
60 43
76 58
39 66
6 29
27 86
6 51
11 98
70 27
62 51
41 73
51 42
35 86
79 79
82 96
65 8
24 24
52 66
48 57
31 20
87 25
73 59
76 84
56 45
10 17
62 17
56 79
60 91
30 4
35 12
66 100
20 90
90 38
55 3
96 53
24 48
78 97
6 19
46 28
65 56
45 93
73 0
72 99
57 1
69 58
13 34
58 34
23 13
38 45
17 100
98 7
47 75
70 19
94 15
47 24
37 58
84 76
24 55
41 47
56 9
5 36
44 29
70 67
42 74
11 25
74 75
99 20
15 34
6 76
49 19
66 52
78 49
28 68
3 69
15 60
78 20
96 21
15 31
55 23
71 32
15 44
74 13
31 89
48 37
64 63
22 30
15 66
79 9
34 49
78 15
8 21
1 70
43 16
67 64
39 37
62 20
48 35
0 79
24 14
82 54
77 3
84 58
70 29
67 70
78 44
85 52
66 86
88 75
68 20
4 73
23 66
94 71
68 94
15 92
7 97
45 50
67 96
8 2
24 41
72 68
52 22
19 84
74 6
24 41
93 28
13 15
60 73
87 27
66 1
85 39
65 97
56 31
92 30
33 82
71 71
49 22
59 34
72 32
6 96
39 99
90 18
13 50
92 100
43 23
68 28
63 32
24 18
63 82
14 62
63 85
99 78
74 57
11 45
89 17
41 94
15 30
11 95
46 2
95 90
26 28
84 55
60 74
39 89
55 53
16 17
3 14
95 77
71 72
89 25
55 29
18 36
25 96
30 38
99 91
94 91
18 77
11 44
50 50
32 71
69 48
88 72
28 48
15 65
86 3
90 40
32 74
76 23
36 5
27 34
97 20
91 81
63 1
25 79
17 23
49 52
38 2
23 66
16 38
31 1
41 87
7 39
27 83
29 63
55 22
63 17
43 53
98 72
20 89
17 3
12 66
55 50
35 44
15 17
49 12
19 90
66 93
96 93
42 91
21 63
12 84
80 21
2 43
60 89
32 77
92 10
8 12
60 43
56 41
61 4
20 46
61 86
38 22
78 46
79 65
8 91
48 88
79 16
98 38
4 96
14 96
5 22
74 31
32 29
72 93
34 58
4 61
43 8
83 87
55 61
51 63
17 65
17 96
81 81
100 85
76 13
46 81
2 19
11 34
49 49
93 49
7 63
9 16
71 58
3 92
18 20
21 1
86 4
98 66
85 97
51 60
77 97
40 45
16 17
79 31
32 37
46 5
66 55
22 36
12 92
95 97
11 15
98 63
19 61
29 3
24 46
29 67
8 35
11 91
52 56
21 50
59 67
56 24
88 44
26 66
35 20
62 12
1 26
42 87
53 71
90 77
83 85
43 91
19 20
82 37
76 2
88 34
36 9
58 23
53 85
90 54
71 17
32 73
9 74
59 63
10 15
39 93
100 49
84 19
69 65
22 11
33 9
45 69
85 70
59 3
20 14
23 91
98 56
63 7
96 22
70 73
37 75
31 2
90 14
88 25
45 10
36 45
86 47
80 71
16 38
74 36
18 64
27 16
19 56
90 81
78 25
19 81
100 51
50 56
31 37
81 77
47 16
88 33
29 67
70 46
72 9
48 90
73 41
72 58
98 61
5 41
86 24
89 52
75 38
7 6
75 54
49 89
36 36
21 65
2 57
77 74
66 25
30 39
32 1
97 96
29 1
37 81
93 92
32 67
29 5
73 70
59 88
58 95
23 79
26 93
1 2
66 68
94 62
73 26
30 35
21 59
3 24
39 96
15 38
62 44
9 1
14 69
89 38
29 79
84 21
71 85
24 2
52 17
65 24
43 61
60 31
19 63
55 24
58 71
28 86
81 38
53 61
73 42
100 68
87 83
90 57
67 80
59 19
97 90
9 6
50 69
37 35
98 58
26 21
28 54
7 9
58 60
36 97
68 35
65 54
17 20
77 85
100 2
70 62
92 45
68 8
14 71
43 78
29 35
100 23
56 73
99 13
32 35
77 67
70 7
20 54
27 64
4 93
66 40
54 57
85 89
65 99
59 75
43 88
9 42
11 31
14 9
45 12
10 88
79 81
95 66
34 21
29 4
80 61
44 33
17 28
21 49
94 81
90 36
34 65
44 11
97 24
88 7
36 98
95 82
44 89
13 44
76 8
48 55
69 92
54 86
20 76
0 80
22 90
15 22
21 59
0 17
83 88
91 85
51 85
66 96
39 45
39 14
53 54
35 21
11 89
74 98
30 74
77 52
30 92
41 17
16 41
0 65
95 91
50 45
75 82
6 13
27 12
94 46
66 28
68 77
16 7
75 13
81 51
31 77
9 72
94 92
79 60
57 73
50 73
85 91
20 91
3 13
2 63
26 34
91 94
78 74
0 18
87 47
35 17
91 44
56 50
2 34
10 25
74 60
64 58
