80 11
39 39
2 83
38 16
30 14
38 94
9 64
11 82
7 3
32 13
11 74
67 55
99 7
45 29
37 79
40 83
56 79
88 25
27 25
7 57
39 45
16 14
8 27
97 16
98 28
96 75
1 62
29 66
70 40
95 73
86 34
56 41
79 43
66 5
35 40
29 40
85 45
55 60
39 51
42 2
45 37
77 12
100 72
79 35
78 39
74 63
74 29
71 18
39 2
91 40
42 19
80 94
30 34
53 35
51 95
37 96
31 80
75 97
17 53
98 96
58 72
58 98
67 28
16 72
98 6
11 39
92 92
32 88
92 51
23 43
45 26
4 43
73 79
5 90
98 3
85 56
75 9
53 41
37 35
80 34
41 91
40 99
48 72
87 40
90 76
49 34
1 53
43 74
99 49
64 96
52 14
17 93
23 37
100 27
72 79
27 80
36 67
78 84
5 30
23 95
5 38
95 7
58 38
47 56
87 10
17 4
92 1
63 14
38 62
41 9
7 69
89 43
1 33
26 73
63 16
67 69
54 28
42 11
66 89
33 18
66 51
22 57
52 85
71 56
12 79
65 19
13 20
28 81
53 21
54 15
37 87
50 57
14 92
35 80
47 68
98 12
85 86
69 2
36 5
58 15
50 90
0 29
9 29
10 28
50 64
43 53
50 60
76 31
17 10
10 64
45 75
76 29
26 10
99 29
83 22
44 99
11 10
28 87
5 38
14 21
68 24
74 84
84 50
14 0
26 92
31 71
32 73
67 58
50 65
53 32
53 63
97 31
74 24
17 79
28 32
0 62
56 40
46 5
56 26
72 83
17 2
53 49
76 86
74 92
16 26
23 70
90 86
0 29
77 17
7 71
15 74
33 71
81 45
42 36
71 14
85 89
83 4
3 24
90 43
15 6
70 4
76 25
57 42
54 33
59 27
3 75
68 36
11 48
81 20
50 18
0 1
73 49
5 76
74 95
19 55
67 55
26 8
46 83
50 100
15 76
93 18
16 26
21 94
40 68
13 57
86 80
58 24
29 63
67 69
23 86
23 57
6 49
65 52
31 82
17 12
57 76
98 73
2 18
32 8
52 12
65 38
92 22
28 20
51 95
89 75
46 79
31 52
27 62
70 25
43 87
3 100
29 0
38 98
18 37
5 37
49 71
75 40
59 69
27 10
64 15
51 9
60 82
28 88
9 98
79 53
85 82
18 80
49 57
77 33
94 82
70 8
18 10
48 78
80 41
88 43
23 38
52 83
86 80
70 95
44 14
47 95
63 66
74 11
89 50
44 48
31 14
56 50
24 70
94 70
11 81
12 34
85 31
16 70
77 53
64 20
33 78
14 62
9 88
73 64
3 84
11 1
64 33
17 54
69 10
24 46
91 36
80 75
33 63
10 10
82 40
30 81
17 11
43 93
65 82
56 69
65 67
36 28
66 53
83 35
63 73
81 19
8 27
94 42
56 70
18 3
9 48
84 27
25 26
19 57
75 42
25 39
8 27
34 41
80 83
76 42
55 22
61 29
15 20
37 71
90 55
74 99
70 24
92 95
16 78
51 91
19 42
97 94
69 30
34 14
79 76
56 100
65 83
28 80
2 66
17 58
20 57
23 56
81 14
51 98
58 68
54 77
10 50
37 45
46 37
60 91
80 82
90 10
65 85
90 33
16 73
58 2
30 81
59 77
95 76
40 19
43 95
62 19
10 99
65 57
2 91
47 82
72 3
92 2
54 47
2 70
87 60
72 83
40 97
59 0
72 66
86 15
60 48
34 36
12 65
93 14
21 6
62 60
76 19
62 29
67 30
99 19
90 36
1 96
100 60
63 71
92 48
86 17
96 87
54 8
17 12
89 39
85 51
99 60
70 26
89 2
23 53
21 12
56 22
75 55
49 37
25 40
51 78
58 47
30 78
21 47
90 9
52 75
60 16
0 97
9 90
99 32
8 87
10 64
8 51
85 23
88 10
30 5
54 88
52 50
31 39
63 20
14 15
61 41
98 62
37 6
17 1
4 25
88 15
56 97
66 40
86 20
16 15
25 36
69 43
86 100
48 49
87 62
64 47
2 27
8 39
34 25
41 4
51 28
86 73
91 52
12 43
38 96
58 29
31 27
38 17
93 86
66 79
47 96
26 50
22 34
55 22
26 62
27 77
57 79
15 13
97 27
56 34
89 14
29 20
7 67
3 100
18 69
79 66
30 4
82 18
4 2
41 30
65 34
73 21
12 88
34 76
82 91
9 70
71 5
56 78
