91
78
85
54
44
132
73
93
10
45
85
122
106
74
116
123
135
113
52
64
84
30
35
113
126
171
63
95
110
168
120
97
122
71
75
69
130
115
90
44
82
89
172
114
117
137
103
89
41
131
61
174
64
88
146
133
111
172
70
194
130
156
95
88
104
50
184
120
143
66
71
47
152
95
101
141
84
94
72
114
132
139
120
127
166
83
54
117
148
160
66
110
60
127
151
107
103
162
35
118
43
102
96
103
97
21
93
77
100
50
76
132
34
99
79
136
82
53
155
51
117
79
137
127
91
84
33
109
74
69
124
107
106
115
115
110
171
71
41
73
140
29
38
38
114
96
110
107
27
74
120
105
36
128
105
143
21
115
43
35
92
158
134
14
118
102
105
125
115
85
116
128
98
96
60
62
96
51
82
155
19
102
162
166
42
93
176
29
94
78
89
104
126
78
85
174
87
27
133
21
74
101
99
87
86
78
104
59
101
68
1
122
81
169
74
122
34
129
150
91
111
42
115
108
70
166
82
92
136
109
80
55
117
113
29
133
171
20
40
64
103
114
48
146
164
125
83
89
95
130
103
29
136
55
42
120
115
128
37
79
60
142
116
107
132
167
98
106
110
176
78
28
126
121
131
61
135
166
165
58
142
129
85
139
92
45
106
94
164
92
46
116
86
130
84
111
76
97
137
87
12
97
71
79
70
127
155
96
20
122
111
28
136
147
125
132
64
119
118
136
100
35
136
126
21
57
111
51
76
117
64
35
75
163
118
77
90
35
108
145
173
94
187
94
142
61
191
99
48
155
156
148
108
68
75
77
79
95
149
126
131
60
82
83
151
162
100
150
123
89
60
111
136
171
59
138
81
109
122
93
129
75
94
101
72
147
155
137
59
138
101
108
70
77
107
27
122
95
91
97
118
126
97
160
134
140
103
183
62
29
128
136
159
96
91
76
33
78
130
86
65
129
105
108
68
99
127
76
97
99
131
95
74
59
108
98
35
142
102
70
83
29
102
160
43
18
29
103
153
106
106
31
61
112
186
97
149
111
29
47
59
45
79
159
143
55
134
87
58
55
179
145
143
76
56
77
88
104
136
28
124
90
103
49
74
103
87
145
34
100
6
71
99
94
100
110
173
79
76
134
