93 54
82 100
23 33
41 39
45 92
39 34
40 24
70 55
8 17
36 10
54 74
69 28
73 82
14 18
15 75
3 7
28 51
6 18
84 47
57 29
4 62
29 44
86 65
66 95
82 68
71 35
8 39
29 81
88 9
99 2
84 1
76 79
53 48
97 2
61 19
98 65
81 26
76 32
91 41
93 38
8 64
74 16
69 69
64 56
79 62
58 62
30 33
6 49
81 69
51 41
88 15
73 34
41 48
33 99
55 25
36 29
89 76
12 24
11 76
80 90
37 38
17 33
37 24
48 85
93 66
92 47
81 64
47 21
11 80
86 32
72 89
62 26
30 74
50 41
49 30
30 52
34 14
86 37
4 33
21 63
65 80
76 45
43 23
33 21
69 18
53 40
73 14
67 3
88 16
10 2
12 7
55 46
21 40
50 25
39 71
54 4
16 30
49 60
53 82
47 21
67 100
28 39
81 95
8 34
77 19
37 56
26 92
1 13
98 51
4 36
89 58
40 4
88 56
30 40
3 77
28 36
43 22
42 23
83 50
23 59
35 60
14 27
51 83
40 14
100 44
51 54
2 57
25 56
79 55
63 83
99 91
85 41
79 26
30 61
43 53
86 44
80 67
72 97
49 78
11 14
89 62
69 57
85 94
12 64
14 75
12 12
31 97
53 9
23 49
70 32
2 56
76 48
22 47
44 37
25 55
17 80
16 52
36 1
45 48
31 26
23 43
38 20
39 58
30 28
6 66
60 75
88 36
22 76
49 33
79 40
88 97
19 4
48 55
72 60
70 69
86 59
11 90
79 16
47 75
45 20
41 71
61 95
73 50
71 22
83 49
28 70
45 14
40 60
69 78
19 4
46 4
63 57
94 8
40 7
83 85
27 90
21 54
85 95
3 21
83 86
70 10
22 82
24 28
41 60
6 60
64 18
30 94
42 23
1 82
97 50
66 23
40 53
78 91
47 47
11 29
100 47
40 21
28 30
49 69
56 21
28 20
40 58
80 48
48 81
29 44
97 61
34 2
13 78
93 61
24 70
56 90
17 62
10 45
93 26
81 48
13 75
34 19
33 80
67 47
26 96
57 23
56 57
25 36
34 85
97 25
54 18
81 71
81 92
83 73
84 63
87 97
37 88
83 36
67 49
49 94
45 6
16 67
29 7
69 30
92 31
21 46
50 1
83 30
93 65
69 42
94 21
5 31
8 88
67 42
36 83
35 47
89 17
81 84
91 49
13 83
81 34
95 97
36 77
26 95
42 61
3 35
82 8
32 91
62 66
99 98
48 33
11 2
16 92
86 6
6 100
55 53
100 49
49 1
26 41
97 34
1 66
35 84
74 68
40 35
33 38
99 47
37 9
49 19
67 34
25 40
100 81
93 66
29 8
67 21
49 29
55 51
95 57
0 34
24 40
69 23
78 34
70 81
9 85
100 77
85 24
83 85
71 41
16 67
49 83
88 65
12 9
82 73
66 82
7 56
21 42
45 65
76 81
45 86
65 44
28 49
34 77
100 72
17 15
38 33
65 92
98 43
67 45
82 99
26 89
54 47
31 99
78 73
79 22
58 9
32 52
25 66
28 91
37 46
73 41
45 37
100 8
46 66
53 27
65 45
16 18
92 13
84 35
86 28
57 10
4 89
28 29
20 57
19 24
69 92
31 80
95 30
88 40
97 6
34 27
51 16
11 8
29 95
43 81
90 66
57 94
20 86
89 40
8 7
30 43
66 62
22 60
92 76
67 54
82 0
81 99
16 93
6 11
53 49
58 42
14 15
1 0
67 90
40 41
64 37
50 96
99 38
21 56
13 88
10 61
54 91
59 36
49 31
47 2
80 5
10 60
87 12
60 19
68 66
26 31
69 76
93 67
13 14
90 93
68 100
53 22
56 78
58 5
8 72
74 54
43 84
80 96
96 39
14 64
71 6
61 40
82 20
73 61
34 62
53 1
27 72
23 84
15 48
55 23
86 28
43 28
11 22
23 74
27 3
3 64
9 30
70 57
50 43
17 84
71 70
52 99
7 75
48 22
89 69
45 74
97 54
68 74
76 57
47 69
60 50
32 35
81 2
92 30
11 75
81 82
44 32
46 51
73 60
73 28
28 84
68 91
37 36
65 79
93 11
47 19
62 46
20 8
48 79
4 25
53 51
6 64
83 19
14 22
45 54
50 74
3 17
64 7
19 28
52 79
6 100
98 34
11 84
42 59
62 12
50 82
64 22
45 46
41 25
34 87
79 84
26 49
68 90
56 87
85 7
65 91
73 28
24 84
79 32
8 40
44 58
21 7
81 66
20 88
92 54
40 36
4 66
85 38
22 6
91 73
81 22
63 53
50 53
3 28
85 78
35 95
36 22
69 83
55 55
36 12
75 77
48 79
8 100
83 97
72 74
69 52
96 98
5 11
50 75
6 0
52 7
62 54
29 30
2 84
85 39
62 59
82 77
4 56
42 87
53 13
26 88
66 21
86 37
100 1
11 5
2 29
12 64
84 7
60 52
58 44
91 19
69 38
96 73
61 3
26 80
17 18
67 49
6 52
86 5
20 63
77 22
58 55
52 41
62 11
60 19
21 16
5 90
55 67
29 82
71 21
61 88
39 27
36 45
46 88
16 66
16 93
54 74
47 5
82 9
83 41
95 3
57 66
59 78
33 54
59 3
75 19
57 81
13 59
92 25
46 8
57 62
0 77
1 14
48 83
90 30
23 84
100 81
50 24
58 49
79 84
52 19
69 75
100 82
33 92
73 45
100 29
73 66
5 74
80 53
23 69
49 46
19 14
93 35
39 17
84 17
0 1
36 69
76 36
17 75
94 90
86 93
86 58
24 57
98 4
77 20
39 92
33 58
6 92
93 45
75 76
62 41
77 64
10 18
66 94
93 59
49 78
51 0
1 42
24 66
46 0
52 51
58 51
9 64
43 68
75 17
10 36
25 53
67 1
72 32
95 30
92 9
75 8
10 42
50 34
7 62
0 60
13 58
77 89
89 19
22 63
3 32
66 28
52 32
29 90
30 90
19 21
99 60
30 75
2 46
75 76
8 75
1 88
100 79
42 54
98 64
16 67
63 48
61 81
46 56
70 77
11 55
98 10
15 94
51 84
40 26
59 14
67 61
68 32
39 9
86 2
39 69
36 1
16 63
82 63
19 17
5 30
73 2
6 54
63 58
37 69
50 62
49 16
22 16
49 27
92 34
97 30
69 99
99 86
61 80
14 46
64 19
77 36
88 49
90 16
73 93
85 22
54 33
39 43
15 54
36 6
54 99
37 23
97 35
8 58
81 89
70 44
74 46
80 27
62 35
44 34
27 95
23 48
28 62
57 9
82 93
16 35
92 53
58 54
54 32
78 34
87 48
45 60
60 91
88 21
26 98
22 19
92 45
33 86
73 90
96 54
49 11
55 40
30 13
60 84
11 38
84 99
86 28
24 45
19 78
33 11
75 55
97 33
100 97
18 72
86 13
92 34
91 46
40 20
25 67
70 3
4 54
68 90
48 92
0 33
36 33
10 77
88 7
9 53
3 95
91 55
7 82
56 65
95 62
85 86
28 21
89 32
41 56
88 89
14 89
22 50
21 32
93 76
5 2
28 75
97 19
30 70
0 52
34 61
13 86
47 42
73 35
40 13
58 28
1 38
16 90
88 3
89 46
79 94
14 7
69 10
93 65
47 59
16 47
20 96
99 33
3 71
68 44
84 92
72 52
29 54
7 83
23 96
29 69
56 43
42 91
20 34
55 33
93 37
80 79
99 45
11 2
82 46
46 66
37 84
84 33
3 91
15 26
53 10
61 8
20 2
99 40
36 19
73 96
22 18
74 20
29 52
22 11
98 34
43 0
84 26
33 87
83 15
80 1
25 40
9 45
43 74
51 45
59 90
40 81
75 81
68 3
32 56
14 96
57 57
96 40
49 96
27 99
10 73
100 1
79 9
13 88
49 64
33 8
20 39
55 95
19 22
98 17
45 79
12 1
35 75
41 51
36 34
49 12
73 48
13 52
23 93
39 39
23 38
47 43
78 68
37 63
57 0
47 1
79 59
69 81
100 76
31 35
10 46
47 49
94 27
0 84
86 6
22 8
44 35
51 21
2 88
51 59
55 98
26 33
22 95
13 22
71 10
23 47
56 37
96 16
30 63
100 15
69 88
24 12
22 41
0 91
96 51
16 50
48 42
83 36
3 63
58 40
73 48
87 29
85 48
45 81
10 10
96 45
98 86
58 86
27 24
42 22
75 58
72 89
67 20
24 70
83 49
76 56
63 62
51 47
76 96
94 53
5 89
98 69
41 55
20 68
45 62
90 86
87 27
74 53
47 65
89 97
80 64
18 42
92 69
55 67
30 48
19 1
2 17
70 43
38 56
10 84
17 66
69 3
59 9
22 73
40 10
69 19
40 53
27 31
21 82
99 17
29 84
18 98
67 54
41 5
9 17
55 93
50 90
97 75
65 85
47 4
62 82
90 1
34 16
33 21
98 98
38 93
81 22
91 48
76 98
19 85
81 40
78 30
96 40
5 61
91 18
65 52
67 21
54 67
37 53
89 35
50 93
94 97
82 50
10 57
47 96
8 28
35 52
24 31
58 96
58 48
14 22
0 47
9 20
13 47
73 68
48 89
61 41
85 42
92 62
65 4
57 73
32 93
24 57
90 48
18 47
97 32
35 97
79 45
83 59
92 55
26 5
43 53
12 94
61 3
55 26
75 12
65 6
71 56
29 26
3 48
73 100
46 74
62 92
85 10
50 42
65 76
47 74
96 60
68 56
29 89
48 3
67 13
10 37
35 5
29 38
19 68
4 32
42 32
23 26
43 39
69 74
81 82
48 76
41 82
32 71
70 46
74 37
59 50
40 60
22 70
99 7
37 69
39 45
0 28
72 43
67 6
17 48
88 31
90 96
79 88
32 48
34 72
51 59
89 58
19 10
27 17
84 30
86 23
76 52
51 13
62 18
86 45
32 39
76 21
0 54
9 32
68 9
4 86
68 93
43 87
69 36
70 52
66 21
41 7
74 93
87 35
77 38
80 8
78 21
96 78
41 71
77 8
80 47
94 48
39 2
34 74
38 71
92 71
92 33
78 65
92 31
66 68
69 11
42 12
32 3
57 73
75 33
48 54
80 7
1 85
10 2
24 48
73 15
85 30
14 63
96 5
60 27
73 28
39 81
7 37
85 64
10 59
97 24
79 42
31 81
26 7
49 50
22 88
65 6
17 80
69 79
51 95
6 91
90 45
71 97
48 55
60 24
80 22
48 59
64 46
5 90
53 54
39 75
7 70
82 24
15 16
3 67
11 76
57 67
87 94
63 34
15 22
59 95
44 73
53 7
18 24
63 38
78 68
12 51
37 60
76 19
77 45
52 54
87 75
20 73
68 49
73 83
71 31
44 81
4 97
54 89
88 83
26 65
50 5
83 53
65 24
72 7
69 90
27 21
64 13
94 99
62 66
47 99
64 91
45 34
54 99
22 41
81 15
72 97
20 54
50 51
78 88
59 12
44 86
33 7
100 93
72 61
25 86
60 89
76 71
89 96
70 77
36 16
92 75
13 78
28 29
29 73
16 88
51 60
39 85
34 38
43 72
66 68
57 92
22 100
62 10
95 98
88 31
14 79
72 94
57 100
89 86
38 71
39 90
98 78
40 31
83 83
69 48
17 93
39 39
92 67
50 86
65 37
83 45
82 54
38 4
20 93
56 24
63 95
13 60
39 19
57 21
2 26
69 86
18 74
24 76
40 40
61 71
43 44
15 25
64 19
96 50
11 52
75 75
12 88
0 17
74 58
38 76
50 73
27 68
12 51
43 19
92 70
90 34
80 72
25 10
91 21
60 69
39 34
9 51
89 9
35 62
67 73
3 16
12 30
50 24
81 59
9 38
96 100
73 75
37 98
85 27
85 45
62 23
45 71
41 33
81 76
95 13
14 98
97 26
27 46
17 75
72 26
12 67
92 51
7 28
15 59
22 100
70 84
90 14
21 30
48 1
72 8
14 86
6 10
79 100
23 62
40 61
54 19
94 12
70 67
6 85
25 28
51 95
79 40
76 100
36 90
67 74
98 47
25 70
24 70
36 47
31 76
74 86
61 67
98 31
33 3
82 25
99 99
86 43
4 61
42 40
16 75
80 14
21 5
50 45
75 52
58 6
95 31
58 55
64 21
86 98
24 34
89 89
32 74
31 37
1 39
43 17
13 23
98 35
95 48
46 69
100 4
41 94
35 65
49 100
86 0
63 10
0 17
99 33
91 97
36 92
35 79
76 49
68 73
50 62
87 96
98 53
100 38
46 1
70 61
67 55
28 96
31 28
12 97
27 2
93 63
61 27
8 36
42 76
75 92
38 62
88 35
14 53
39 26
20 8
54 87
30 48
82 61
76 60
57 70
63 49
32 90
43 40
92 85
83 32
43 20
60 97
21 40
49 26
67 36
1 87
22 31
34 71
92 76
30 15
45 59
30 44
14 73
50 72
24 32
4 67
52 64
63 39
4 78
66 37
13 67
90 2
64 23
73 55
65 69
36 77
95 67
20 75
39 70
47 63
2 51
29 20
81 58
60 51
36 92
88 49
24 43
51 88
32 90
8 98
25 45
74 19
11 60
60 50
29 6
80 31
23 75
18 4
33 78
55 69
69 9
84 93
52 1
80 51
57 54
48 82
99 88
67 9
47 27
60 42
100 5
40 23
80 58
27 12
35 48
47 70
23 98
28 42
65 74
93 21
27 6
70 26
94 36
35 6
29 61
48 29
66 88
52 12
45 45
91 46
59 4
15 49
1 43
91 66
83 49
53 10
55 22
36 14
25 37
20 20
99 68
49 30
56 67
8 67
78 100
13 3
3 95
52 71
38 8
2 20
57 55
97 78
44 32
92 69
36 11
89 0
45 4
30 67
37 5
34 15
4 13
85 74
7 36
44 11
10 12
99 33
67 95
10 10
27 1
45 29
79 34
29 23
4 25
57 41
30 91
22 0
70 6
74 77
8 84
89 18
96 87
17 29
81 27
39 74
95 51
69 73
85 98
63 55
23 19
96 53
76 18
54 11
91 94
88 100
44 42
84 5
28 1
0 76
95 6
15 90
57 85
28 7
82 57
62 71
76 57
24 17
41 44
28 99
3 83
64 13
24 13
86 19
81 86
95 76
92 76
31 48
26 59
55 75
16 16
45 58
40 69
42 47
79 36
11 83
18 75
62 43
89 47
62 69
33 22
10 24
98 41
73 91
67 94
65 49
77 9
6 83
79 14
96 23
51 7
72 69
82 34
78 36
81 5
72 13
27 48
4 92
90 43
82 22
36 12
71 79
21 43
61 66
24 57
90 75
30 61
9 78
95 88
14 42
59 52
55 87
100 59
44 55
1 92
77 4
3 13
83 91
23 10
57 47
33 46
21 63
73 97
6 34
50 20
76 9
38 97
62 38
56 5
59 23
63 2
94 66
15 77
56 4
53 79
51 86
91 38
14 64
35 20
64 85
7 39
94 45
35 55
49 57
26 8
47 89
10 40
20 92
83 43
97 35
21 13
87 12
52 0
42 53
88 5
37 95
44 98
5 45
18 55
2 45
29 49
100 5
55 20
63 38
63 25
39 84
39 26
62 57
93 3
9 80
8 46
40 18
43 46
64 62
67 32
73 96
47 72
67 1
92 29
5 20
21 11
71 60
37 32
16 96
2 25
42 77
37 82
96 47
27 25
75 94
57 47
55 3
18 88
71 77
84 43
63 4
54 33
30 57
32 46
52 34
37 94
10 74
76 72
20 69
97 95
29 19
7 84
89 93
38 26
35 21
69 98
25 22
31 55
79 29
67 97
63 70
57 39
43 32
78 30
67 74
91 96
60 65
46 48
57 84
74 92
4 42
89 96
30 86
16 75
14 49
72 43
18 28
49 27
26 26
23 93
66 14
89 25
79 34
74 1
84 13
59 54
22 47
15 52
100 31
27 80
46 65
90 64
93 4
57 85
97 81
77 62
95 31
54 39
31 94
6 14
6 65
68 28
78 83
81 43
80 74
23 92
38 79
55 97
83 12
81 79
59 57
6 19
55 60
58 86
53 30
67 26
95 0
54 72
50 0
15 96
74 4
88 78
83 8
74 31
87 54
76 45
78 82
64 32
8 88
84 61
17 50
53 11
17 7
50 67
74 31
28 48
35 15
25 84
24 100
81 10
19 56
22 97
3 86
28 11
74 79
39 57
28 92
35 11
65 85
44 39
15 73
53 16
54 44
100 78
9 46
55 29
1 77
25 71
28 20
83 68
99 88
25 93
45 60
4 77
10 48
15 92
20 34
7 75
78 73
18 88
18 39
83 86
82 7
56 10
27 4
44 92
92 35
85 3
95 89
80 71
2 61
62 90
95 35
30 38
7 48
25 92
54 7
77 35
82 100
11 75
3 22
67 62
57 51
65 18
5 10
89 7
71 17
63 65
52 93
69 26
7 95
84 61
68 61
62 15
26 40
91 29
62 23
91 18
40 21
36 45
31 92
18 1
75 82
32 93
40 1
18 47
62 2
7 96
29 36
78 55
76 34
50 37
57 7
21 97
28 58
7 26
15 92
94 90
39 26
82 80
94 67
93 21
35 0
83 30
2 60
51 78
94 0
81 16
74 1
79 2
25 52
28 40
10 21
96 49
13 44
95 73
10 88
60 11
54 43
41 56
69 58
33 29
58 13
11 32
81 91
0 6
42 95
46 52
82 8
68 62
52 62
34 28
15 95
39 69
3 46
91 38
3 90
67 27
2 79
25 84
35 25
56 43
86 68
96 68
76 29
29 94
57 29
21 73
23 26
7 93
72 99
31 75
88 64
69 57
8 94
6 43
86 62
87 71
29 48
38 72
43 67
65 100
63 53
38 86
45 12
45 17
77 42
58 64
72 26
87 81
20 59
90 5
87 42
42 83
56 81
54 99
13 85
65 76
3 69
28 49
47 39
66 23
81 90
54 52
83 40
99 69
100 55
40 52
97 82
34 19
62 88
84 42
39 14
84 42
84 11
57 30
16 89
20 97
79 74
15 61
13 80
96 79
34 35
98 98
16 31
16 45
86 66
87 24
81 70
32 30
48 56
26 64
44 46
27 89
19 8
15 100
88 10
44 89
45 41
52 62
73 68
73 58
100 59
48 80
95 46
9 42
1 36
73 12
48 100
0 68
74 16
33 61
93 77
15 38
18 67
66 57
0 38
81 0
63 95
46 57
40 56
66 8
58 38
20 5
3 87
39 77
69 72
3 62
15 86
66 100
52 98
56 19
1 2
86 64
97 31
87 2
53 18
77 10
22 97
83 25
50 88
68 18
26 38
46 41
23 78
40 41
41 62
26 42
30 11
72 26
43 25
95 62
43 72
39 66
34 21
91 84
75 25
69 0
63 81
41 52
25 47
93 66
75 19
8 4
97 46
97 5
71 92
68 14
63 6
80 63
27 36
13 68
61 82
69 90
28 76
41 53
23 0
19 64
86 94
69 82
39 65
54 10
22 21
24 51
27 70
14 20
5 27
88 33
75 22
22 2
99 30
56 88
97 41
51 48
34 86
96 73
17 49
83 39
70 73
91 97
42 4
83 48
31 71
47 5
93 35
74 57
65 96
44 27
36 96
41 70
47 37
9 64
52 58
3 22
31 94
85 73
64 68
87 61
4 33
32 63
69 5
20 100
1 64
94 3
25 34
40 73
37 49
36 90
6 5
78 3
65 28
43 95
62 29
55 66
29 53
29 64
59 49
29 26
79 22
96 71
23 35
43 26
84 45
82 57
17 59
60 82
88 2
77 15
99 31
82 94
51 77
57 9
92 86
1 70
75 97
6 64
99 49
90 48
61 72
4 78
97 31
59 50
100 1
66 64
100 47
57 50
90 80
25 81
66 26
16 6
89 23
70 53
38 25
1 99
97 72
42 94
2 1
43 69
69 75
32 68
21 90
17 10
69 42
57 0
34 40
73 90
63 42
42 0
34 9
66 97
82 7
90 50
75 100
85 44
74 17
11 62
73 96
38 7
37 62
8 38
1 47
94 64
56 1
30 90
11 62
86 59
36 42
75 10
7 60
54 47
77 32
75 15
27 13
22 30
41 97
34 42
44 27
72 100
29 68
55 6
30 40
31 66
82 5
42 55
65 63
2 7
95 77
22 88
56 45
84 97
7 18
38 51
11 9
16 6
44 71
12 74
78 43
5 59
15 47
14 80
9 83
54 70
59 76
57 15
87 7
11 95
25 16
11 2
92 95
9 35
65 88
8 42
98 80
68 12
94 48
58 69
30 11
39 55
54 62
36 40
69 48
0 60
30 79
63 21
73 72
57 37
25 31
46 22
11 13
0 71
27 59
39 23
36 44
78 90
73 14
97 41
28 63
68 58
41 30
79 13
68 35
17 93
33 63
82 44
42 82
81 35
6 19
58 43
30 35
32 2
15 95
9 43
58 77
0 99
6 46
79 40
47 96
100 80
24 81
90 32
62 70
67 69
56 24
78 86
25 76
54 41
71 63
84 28
40 51
93 12
63 37
53 9
32 52
90 22
99 79
54 60
49 20
95 71
44 72
56 70
48 9
77 85
38 26
79 78
77 37
91 39
75 9
15 73
27 4
96 25
83 49
51 98
70 12
68 80
50 90
15 98
65 58
48 3
85 26
81 27
64 37
33 4
12 48
77 39
52 72
64 0
21 15
65 57
94 32
2 43
89 85
7 53
42 55
56 26
48 3
54 78
6 87
82 19
0 58
58 52
30 89
18 17
3 83
40 63
82 8
5 70
93 12
22 35
68 45
27 15
14 81
59 20
33 40
39 33
98 64
51 94
52 36
77 21
18 83
84 66
92 89
35 84
1 24
85 35
35 12
16 49
59 75
35 93
14 41
92 78
71 9
38 22
11 14
43 29
98 93
62 55
47 97
38 14
87 90
49 21
1 31
36 26
72 38
85 52
79 77
30 49
52 68
37 63
48 46
58 11
38 19
66 51
83 71
66 69
60 81
57 27
12 59
53 50
97 38
2 41
81 99
56 99
32 93
27 80
4 85
92 8
71 23
60 19
94 25
54 19
5 77
46 84
36 66
0 99
3 2
40 50
0 62
48 32
21 75
78 25
25 35
34 62
59 60
81 18
85 1
38 56
78 50
6 13
82 6
12 51
75 18
0 75
80 14
73 0
89 16
26 81
52 26
42 77
86 90
95 36
91 99
58 68
15 30
82 97
2 60
48 77
78 48
17 57
63 90
24 17
73 50
98 24
42 6
0 27
96 61
29 52
26 87
19 41
84 67
37 86
93 51
63 70
66 80
94 95
36 17
11 8
33 76
99 75
48 99
68 9
25 97
61 51
49 46
92 32
13 96
85 72
46 47
8 11
93 1
5 28
85 84
2 17
25 0
58 73
65 25
82 91
88 42
41 2
88 100
1 67
61 86
5 6
32 13
85 24
14 56
19 65
5 21
82 30
22 5
2 53
30 50
43 84
58 51
86 46
16 53
79 77
38 84
83 36
63 33
27 43
56 46
7 61
33 55
92 55
60 60
75 56
77 17
39 34
34 92
46 50
44 25
26 49
75 76
85 4
8 11
47 30
57 55
92 91
9 49
11 36
75 86
92 51
70 98
86 3
55 31
54 99
22 46
47 64
21 99
68 97
9 14
26 33
35 17
90 11
32 67
47 7
19 4
24 89
68 9
58 22
7 11
88 29
58 0
59 45
99 26
41 75
7 68
7 8
51 97
19 84
29 32
57 48
37 81
36 71
57 95
94 64
72 47
59 96
47 85
41 12
77 48
87 84
15 60
93 33
22 78
83 51
10 39
100 13
86 1
84 42
96 77
72 34
90 98
96 37
82 36
15 58
51 1
8 32
27 0
65 49
78 47
100 54
52 65
67 38
67 51
46 28
94 18
62 84
15 58
87 97
60 68
54 10
69 62
43 62
28 74
10 73
21 76
26 39
41 60
77 7
10 23
35 70
7 64
19 22
88 72
85 47
39 4
24 74
67 33
35 61
6 45
100 94
21 93
33 28
52 76
35 28
99 70
98 5
100 84
94 87
55 78
34 95
83 24
68 15
57 3
42 29
14 42
23 1
34 22
29 86
98 64
13 63
0 77
68 100
60 28
53 15
5 53
76 54
77 43
69 100
12 11
28 27
19 17
28 53
39 24
4 3
54 84
66 54
26 100
20 87
27 73
68 100
25 43
53 68
52 89
67 65
66 61
58 85
45 52
3 50
76 74
53 30
57 85
50 83
85 70
35 78
8 69
77 100
78 97
33 30
85 66
95 50
27 18
0 38
70 3
88 46
77 7
76 100
92 92
48 42
28 50
20 36
18 97
2 63
93 35
93 43
1 53
59 95
71 59
32 40
28 86
52 71
59 94
70 51
86 85
93 13
34 79
15 18
42 84
81 0
19 39
44 87
92 2
47 28
28 79
69 56
30 87
94 90
81 63
6 66
13 65
45 47
44 26
32 86
10 12
86 96
52 96
82 9
99 28
38 93
73 73
14 69
59 7
58 39
37 30
71 50
96 82
64 5
8 96
57 18
74 8
13 92
4 61
1 69
55 39
61 27
78 75
96 36
83 20
42 19
50 79
35 11
61 99
16 35
60 73
19 34
82 32
25 52
59 26
20 13
31 47
40 75
21 1
78 70
88 86
55 4
64 91
15 91
55 32
92 15
71 10
49 18
8 40
70 67
33 56
80 30
2 86
5 24
54 83
60 41
68 82
45 98
38 61
55 93
59 46
74 96
57 22
14 65
29 50
99 62
6 44
92 8
30 63
99 50
11 25
91 79
6 2
43 44
29 98
36 54
9 10
49 66
99 29
98 94
46 62
55 52
5 13
26 1
76 25
51 88
50 8
32 22
77 41
66 5
38 68
25 48
44 74
80 43
70 43
36 15
4 58
33 10
37 59
11 79
50 29
32 66
37 65
88 13
72 53
85 10
21 9
24 65
49 70
74 85
13 77
66 17
0 99
94 37
24 72
15 74
0 48
40 3
79 94
83 50
47 67
26 34
42 16
65 91
87 5
42 66
82 7
83 48
73 43
85 97
14 66
36 81
80 42
84 24
36 66
41 83
99 33
83 40
50 47
97 2
18 38
68 66
12 16
13 85
59 64
47 39
30 83
19 76
25 2
0 27
34 7
76 99
40 58
4 56
71 1
58 90
5 92
21 84
8 35
68 33
99 14
73 95
64 92
71 55
61 37
82 95
44 57
94 84
81 98
40 17
65 64
73 37
56 95
20 30
29 55
63 94
69 35
89 99
94 25
53 54
28 0
14 72
23 74
21 3
72 27
21 2
58 94
39 80
88 26
9 83
81 72
77 15
74 31
14 33
22 33
53 50
34 67
88 57
41 75
27 79
69 14
47 26
7 87
5 62
79 14
44 59
52 87
74 92
17 88
91 5
21 43
55 21
77 42
44 17
17 71
62 86
85 8
78 59
61 83
87 39
63 97
98 81
84 38
73 67
92 29
73 79
73 94
100 49
36 44
32 19
81 94
71 32
68 48
91 96
97 77
34 25
73 99
5 22
2 44
56 94
74 28
73 46
88 72
61 90
82 93
8 63
52 45
95 19
59 51
14 21
94 15
46 66
80 52
55 82
62 10
75 35
4 47
47 92
86 74
82 67
66 56
96 84
68 56
70 26
73 50
48 66
31 60
99 10
78 53
92 40
29 33
41 33
46 55
91 31
28 38
65 61
61 60
44 28
83 80
54 55
30 68
21 61
95 19
38 72
38 96
11 67
28 19
66 75
74 56
72 1
95 36
28 55
63 39
49 45
18 69
100 14
37 87
76 31
5 80
69 9
75 47
76 3
66 41
44 39
98 15
6 58
18 35
79 81
74 27
25 58
96 91
73 99
78 14
96 49
94 65
59 68
11 0
37 43
42 47
82 5
29 88
29 47
89 7
27 28
0 18
87 62
8 59
61 52
73 56
68 66
87 93
100 64
93 37
6 0
84 54
72 12
8 0
25 97
74 52
92 74
36 78
36 11
2 63
63 75
85 97
6 72
89 72
1 48
8 8
48 59
28 20
37 36
87 63
33 61
81 91
0 17
68 36
28 70
99 57
10 50
54 83
21 8
54 89
56 29
63 71
88 92
57 24
27 9
53 26
70 34
16 71
51 84
73 45
19 38
1 96
88 55
78 75
64 32
63 86
27 26
22 14
17 45
4 44
55 24
37 91
58 53
61 75
3 0
19 22
38 20
18 92
42 62
66 72
60 95
57 87
20 46
0 3
91 72
48 11
96 51
2 19
3 29
94 6
29 79
96 33
65 13
24 6
75 56
78 1
51 1
88 37
47 55
41 3
26 55
15 88
5 17
73 75
46 66
82 42
10 77
41 75
56 32
48 97
88 25
98 4
26 86
8 39
6 15
43 32
36 58
86 7
41 58
82 53
90 29
61 66
72 2
40 27
34 88
91 88
80 54
59 5
5 67
45 11
82 54
9 84
78 95
91 85
18 72
37 7
1 99
73 39
67 80
67 0
33 23
88 12
77 46
85 83
79 96
94 26
49 3
9 26
64 100
10 83
38 13
56 5
78 96
44 44
75 77
44 74
100 99
87 77
44 71
25 90
66 18
15 81
88 25
73 52
91 49
0 28
28 56
100 6
51 44
50 92
87 61
66 87
59 52
29 69
89 54
58 20
38 74
0 26
65 39
44 55
88 44
50 82
100 49
88 17
59 4
8 46
65 74
99 90
92 94
24 80
13 49
66 51
89 66
43 53
71 53
74 24
97 90
6 63
5 60
80 64
64 54
76 95
28 40
50 86
100 75
66 12
23 31
30 11
64 73
30 0
93 3
25 89
60 98
51 65
57 97
95 21
51 71
15 45
77 66
30 77
6 62
55 29
60 85
6 23
24 36
90 16
5 14
4 65
11 22
29 69
85 24
56 35
61 37
80 3
69 10
46 75
72 1
70 31
86 76
20 9
78 10
25 50
91 97
14 69
85 10
3 69
0 59
71 61
96 50
30 65
26 77
39 65
78 76
62 63
17 49
39 96
25 30
45 15
93 25
84 77
35 53
12 35
11 83
62 7
99 59
72 25
35 77
56 79
52 17
41 70
66 46
31 91
43 42
73 35
67 22
79 69
76 91
3 87
39 32
60 37
91 98
28 25
41 84
70 93
68 77
28 33
23 25
91 66
67 29
67 0
51 45
69 93
1 72
46 40
70 5
44 60
3 72
51 44
22 20
2 90
98 98
89 87
22 45
52 56
74 85
56 92
30 24
84 31
62 29
38 32
1 48
58 4
86 76
14 7
96 83
63 59
80 52
45 69
97 63
91 37
48 46
28 44
36 78
41 64
7 45
96 8
93 20
79 79
96 93
52 91
41 15
16 21
67 27
56 29
91 46
32 4
58 60
48 60
38 55
23 11
0 19
19 93
5 64
37 0
22 90
57 63
4 73
50 37
0 5
32 57
17 65
61 75
24 75
34 28
29 24
39 96
43 24
89 14
88 92
14 9
81 71
39 51
10 89
88 10
61 87
33 78
51 60
19 41
34 19
70 29
43 75
25 52
100 80
66 53
71 80
29 18
17 68
69 27
56 23
3 16
9 2
61 60
62 80
67 62
65 2
57 8
78 82
26 43
27 93
96 65
38 91
49 55
58 17
48 81
6 17
63 15
19 23
41 81
69 75
8 34
77 66
8 54
13 34
63 41
93 25
72 98
15 20
18 40
3 67
20 77
50 83
92 70
73 100
16 41
74 25
41 50
57 49
71 70
50 100
77 8
24 14
5 6
34 24
46 4
57 66
81 6
14 38
42 87
3 25
28 77
16 69
94 73
85 30
42 0
29 86
8 54
100 81
26 0
4 72
71 27
37 51
33 51
55 42
4 59
67 32
1 83
67 95
21 17
91 29
17 20
14 93
40 81
39 66
81 9
37 51
36 40
68 35
57 89
43 61
47 9
59 49
58 26
9 45
9 0
75 94
20 89
86 26
35 91
92 15
100 95
32 1
0 66
2 57
55 46
18 1
55 77
16 80
69 26
24 79
93 65
72 79
20 23
4 55
13 62
71 79
22 69
80 22
35 48
79 90
94 63
91 15
6 74
95 75
66 85
19 58
50 91
36 70
80 6
91 59
68 61
37 90
97 83
11 31
31 56
20 24
19 77
39 25
50 100
66 82
51 86
39 67
76 41
36 56
47 26
14 81
54 18
70 50
67 47
47 98
70 67
89 89
9 94
80 26
94 45
7 10
30 47
77 73
54 79
95 1
71 75
82 24
59 18
40 26
31 87
23 0
19 78
55 29
72 0
55 31
46 62
41 42
75 17
81 29
96 41
97 66
16 44
57 75
28 63
67 60
16 91
26 35
34 82
64 5
82 85
36 94
13 43
2 88
26 83
83 21
91 45
54 6
90 77
47 17
39 14
43 55
71 70
91 4
51 20
10 99
72 12
59 85
56 61
38 82
9 88
70 100
32 90
72 21
66 19
5 71
100 48
26 70
17 83
40 34
69 16
100 40
29 58
91 51
85 29
99 94
16 34
60 14
23 31
36 55
16 41
26 15
55 18
51 73
67 92
6 35
74 72
42 2
29 32
19 13
27 18
74 9
18 33
24 42
30 26
63 13
67 89
95 21
6 46
60 73
3 33
75 77
4 16
46 34
14 65
13 8
49 53
17 68
52 7
76 49
33 38
62 66
94 56
54 100
1 13
39 71
46 80
14 17
62 60
17 76
91 97
50 6
50 34
74 68
41 15
16 75
53 78
40 46
34 94
12 1
74 17
39 86
97 53
2 58
79 86
100 69
83 16
75 99
50 14
66 91
29 83
65 49
26 72
61 60
31 39
28 71
56 67
57 18
86 25
42 64
78 8
99 60
24 40
58 74
20 90
64 16
72 96
65 65
67 92
24 64
31 18
35 53
85 92
72 36
83 80
100 60
88 65
86 11
4 9
85 24
100 49
40 37
44 71
1 77
63 93
40 60
10 75
12 62
32 50
98 15
30 98
41 17
62 27
29 32
36 13
22 1
28 29
39 38
100 6
81 28
99 21
88 76
62 67
37 95
16 34
76 46
98 83
64 25
76 59
57 79
38 46
80 33
75 85
71 74
92 52
69 56
39 22
31 0
89 68
61 5
69 2
51 66
52 81
92 27
5 14
5 44
60 86
77 34
36 47
75 94
65 43
50 70
65 47
71 20
82 98
25 50
67 42
82 18
90 73
45 95
54 51
38 13
2 14
14 38
28 89
32 59
98 48
29 28
95 66
48 42
29 39
92 96
48 74
13 37
12 25
31 66
42 36
46 44
16 26
48 10
14 46
70 78
60 65
72 21
30 87
63 25
92 55
21 39
95 0
42 73
25 74
5 33
76 17
43 58
43 58
69 23
3 4
0 64
69 38
51 65
24 13
90 83
34 77
21 95
78 64
68 69
3 73
69 45
90 11
2 99
69 71
21 73
75 21
2 9
25 53
74 16
32 30
99 67
6 86
61 50
49 28
19 18
67 88
63 22
65 66
20 34
2 7
73 78
95 41
87 20
60 27
36 92
57 0
58 63
86 19
13 1
13 99
19 47
52 49
35 83
81 22
16 83
29 89
60 24
96 13
10 55
40 12
47 63
12 4
25 64
90 4
65 70
69 51
16 87
66 17
70 46
39 52
28 35
7 55
25 2
34 35
58 74
47 4
2 25
8 27
89 65
99 20
34 33
37 16
87 2
33 56
14 39
7 8
74 81
63 99
84 97
100 41
36 46
45 38
71 19
32 25
84 97
45 17
29 48
33 15
50 33
37 30
72 11
39 11
92 1
76 75
65 75
82 67
87 26
72 23
12 3
48 62
100 60
46 95
7 45
77 24
78 13
54 49
24 93
26 83
61 1
23 92
76 5
58 28
98 29
51 9
99 100
72 64
25 17
59 99
62 35
22 40
14 43
55 5
1 82
88 28
49 10
19 92
15 78
19 13
73 71
89 72
36 60
35 61
43 60
25 5
61 48
11 76
57 32
81 58
80 68
87 96
44 72
87 26
15 5
39 89
76 27
26 11
54 61
38 63
88 64
34 48
78 45
23 0
44 70
24 90
3 10
85 48
49 71
74 64
43 79
52 18
72 78
97 92
5 0
55 59
30 89
6 7
0 97
74 10
66 99
100 36
75 51
84 23
88 23
88 30
68 5
49 39
50 11
31 55
11 52
13 42
40 86
15 40
48 90
50 81
88 16
16 62
67 66
52 54
89 39
51 56
44 100
61 60
77 58
14 88
9 94
96 50
46 78
56 94
33 73
74 87
55 90
14 88
21 66
7 9
71 58
31 82
57 59
41 100
16 22
54 26
82 15
42 27
93 64
88 92
36 61
78 91
17 93
78 38
24 86
14 96
43 11
43 67
70 84
32 87
72 86
12 54
1 20
81 94
84 68
52 20
96 29
77 12
88 21
16 79
73 30
40 82
42 83
14 11
32 47
64 4
32 42
58 33
62 4
94 46
73 45
32 34
40 75
46 95
96 28
73 34
59 79
16 67
61 97
44 59
43 8
63 76
50 87
75 79
92 34
24 30
45 22
64 86
97 76
46 59
3 85
59 28
63 41
61 90
38 72
48 81
80 78
22 96
64 64
74 21
98 64
51 43
52 81
95 15
56 6
40 26
91 99
20 53
40 82
42 78
53 56
24 99
33 47
60 98
77 34
85 74
64 36
83 16
83 43
98 5
49 37
31 39
35 51
58 41
99 100
85 17
22 9
15 55
22 76
18 99
76 3
38 5
5 21
88 88
30 85
93 80
88 90
85 90
7 43
30 5
8 15
23 30
91 4
52 12
46 70
10 88
39 14
60 44
35 47
99 32
99 91
11 86
81 62
75 54
4 72
59 80
53 48
76 43
19 27
21 31
64 98
19 2
11 79
47 13
92 45
45 90
1 22
42 48
84 83
1 55
54 27
0 6
75 76
15 60
70 36
92 33
100 77
1 11
55 14
24 12
25 35
2 27
57 10
41 6
93 9
61 47
36 61
19 77
3 1
37 73
3 95
72 3
71 39
14 92
54 4
3 79
39 72
72 62
82 13
68 75
89 29
21 24
56 6
67 25
7 3
64 78
64 1
81 34
41 61
25 95
65 29
73 70
0 11
98 83
91 65
57 79
60 44
2 83
16 35
7 24
5 72
68 69
73 48
3 13
8 28
74 39
23 13
75 91
24 72
73 14
2 96
93 63
5 61
45 21
96 52
11 0
90 79
70 63
93 39
42 67
33 16
72 57
96 46
13 19
84 52
33 87
47 92
49 18
52 60
39 13
78 17
81 68
62 50
97 55
55 4
21 88
87 94
10 82
5 23
0 90
75 100
76 88
57 91
5 75
50 11
89 27
95 69
95 56
85 57
10 39
62 99
26 48
58 37
97 63
26 97
52 1
63 94
89 19
84 61
95 100
72 49
27 32
84 88
88 68
45 65
73 73
63 65
87 20
68 83
49 95
46 68
96 8
61 50
94 11
10 54
10 48
2 3
80 86
92 68
19 2
99 58
41 61
23 27
47 91
10 96
85 56
63 46
30 24
97 23
1 73
44 11
88 46
15 67
99 73
0 84
41 99
42 82
25 31
75 72
21 51
34 73
73 97
18 2
87 81
93 88
20 36
66 7
48 47
40 12
86 7
97 26
5 4
74 98
35 48
69 22
66 2
95 38
66 80
7 52
26 66
6 46
68 72
19 15
85 60
95 70
67 57
62 38
61 35
35 62
49 71
50 14
39 45
19 4
91 26
23 16
92 96
29 59
33 48
40 17
7 34
87 40
91 48
79 17
49 13
45 98
50 96
79 90
6 64
60 97
90 83
79 47
44 74
72 77
22 78
94 96
12 46
36 69
94 81
53 8
60 98
73 10
93 17
66 99
81 25
61 36
75 6
83 18
80 20
96 68
98 55
64 76
1 66
45 61
12 64
70 72
61 42
48 20
59 13
18 5
39 46
41 80
52 90
98 31
9 59
100 73
14 29
49 82
95 60
42 6
23 78
44 84
86 93
3 44
5 89
15 10
34 56
90 52
45 54
83 20
12 48
94 93
77 42
74 37
68 83
9 91
60 54
74 46
46 44
56 17
99 72
28 32
94 84
50 5
37 32
25 16
81 18
75 23
26 15
61 94
98 70
84 23
90 24
35 35
34 92
19 32
29 47
30 89
30 80
94 34
78 19
50 24
3 91
48 30
5 8
23 2
44 74
93 34
64 27
35 98
85 54
96 80
67 25
69 64
71 62
98 48
47 13
73 51
3 20
81 76
95 70
44 4
9 36
38 73
64 40
36 14
94 31
95 27
56 29
91 93
91 54
7 4
33 80
55 2
66 1
78 26
71 22
30 47
58 69
19 88
8 56
69 68
87 29
61 9
58 51
68 14
71 75
18 70
54 73
73 86
74 16
11 11
38 8
58 63
77 43
16 51
99 51
85 52
80 46
61 37
63 28
18 0
70 36
70 23
76 8
76 15
25 53
93 29
61 50
92 3
60 75
20 58
25 5
76 5
17 2
8 46
98 26
46 67
29 83
90 4
91 31
86 82
85 79
11 45
95 69
49 54
43 69
79 69
40 54
40 57
57 14
70 54
7 82
20 36
64 76
6 21
7 92
2 92
36 80
2 31
49 51
51 92
20 29
26 26
50 32
50 6
47 19
26 54
0 46
56 31
88 62
18 61
19 87
52 56
67 21
53 15
72 3
6 58
33 100
85 49
31 0
55 44
19 81
64 86
93 19
83 80
47 0
7 33
88 25
89 20
46 41
35 18
10 7
42 9
6 93
58 4
93 12
14 78
59 79
64 17
64 46
64 11
13 71
44 67
96 99
87 42
5 21
26 15
28 34
25 1
27 49
72 86
28 86
64 87
64 94
71 28
5 34
5 18
4 15
51 66
13 37
7 18
58 100
33 53
34 24
20 27
74 58
12 1
43 42
54 74
1 91
68 7
24 39
92 95
54 43
61 67
46 34
85 71
34 84
23 34
75 9
61 14
67 39
15 76
48 35
15 49
26 83
22 16
21 81
11 75
90 38
7 35
72 92
5 72
42 95
5 16
70 32
30 36
38 11
79 86
12 94
0 4
43 23
21 30
3 99
5 93
36 12
94 74
71 100
12 12
94 84
95 64
16 24
66 20
35 10
5 47
71 72
52 13
95 39
43 64
37 14
22 39
94 16
79 30
15 91
8 75
75 2
4 57
26 37
77 27
47 48
40 17
19 58
97 81
97 6
44 100
20 67
38 80
49 17
9 30
74 17
4 48
86 76
71 11
79 47
4 25
61 45
9 81
2 72
61 66
78 4
65 65
37 70
44 86
53 20
82 26
37 53
41 23
28 11
0 6
25 5
98 86
16 73
32 85
45 93
50 22
64 82
87 67
17 98
19 36
17 0
28 20
53 69
9 47
47 10
19 38
82 17
90 98
56 22
48 67
14 99
56 78
46 42
45 29
5 64
65 22
30 93
43 84
28 18
30 75
28 50
79 76
33 68
39 55
90 88
22 4
52 78
48 98
86 59
26 92
89 57
80 19
49 89
69 77
7 99
17 1
14 96
78 13
64 16
69 53
70 91
23 21
34 38
85 19
97 77
10 52
33 91
71 83
79 5
59 52
3 77
54 85
38 31
98 68
13 32
21 84
89 10
71 22
14 56
8 78
32 18
29 66
75 66
14 20
71 39
72 40
82 25
24 20
22 89
88 2
87 75
86 76
52 22
64 66
78 72
43 77
57 72
8 98
3 22
17 74
61 56
81 43
47 71
29 36
25 16
38 12
58 90
54 9
11 84
75 56
56 18
99 79
56 6
76 60
95 60
100 21
15 80
64 28
51 59
64 76
76 1
54 33
57 7
8 35
92 83
91 13
67 89
92 23
61 67
49 55
26 48
76 7
95 6
36 45
65 66
87 6
34 41
5 91
14 13
25 5
63 15
85 29
70 76
18 30
43 33
51 35
82 94
43 42
100 45
87 30
10 39
3 44
80 8
35 61
89 60
66 17
42 51
12 78
93 98
75 35
30 92
37 78
85 80
19 50
24 72
47 34
11 50
45 57
24 80
17 12
5 50
96 13
67 8
92 59
5 32
61 35
23 98
13 8
43 99
24 33
71 71
33 48
20 78
4 45
57 22
23 63
38 19
42 4
94 33
63 99
31 90
100 55
87 79
29 96
78 53
28 14
24 62
62 44
39 66
55 63
54 79
92 92
64 33
96 57
33 25
21 64
14 20
18 68
100 47
63 43
67 58
57 91
86 18
0 24
84 56
53 4
0 44
96 30
78 58
87 77
49 74
40 63
94 25
97 59
38 26
1 4
84 58
61 69
42 62
59 93
84 12
97 50
22 58
80 66
82 32
42 30
5 83
60 99
74 56
24 11
48 25
83 98
50 43
66 58
71 92
50 20
70 12
70 92
71 49
58 52
47 100
83 52
48 8
17 21
64 41
100 12
