63 78
87 93
26 21
23 0
13 70
83 50
69 24
78 90
75 53
10 48
86 98
66 6
61 36
29 38
50 67
97 79
10 83
71 2
3 94
69 84
29 51
33 65
42 78
54 16
97 64
30 82
28 62
89 89
64 84
94 14
16 90
93 26
38 64
29 8
23 98
92 53
15 91
17 57
68 37
39 65
68 35
46 96
97 0
50 60
50 43
40 66
99 33
93 37
63 88
45 86
51 2
38 66
93 21
89 61
25 94
92 93
28 3
88 91
4 3
17 54
47 57
87 11
56 45
48 18
32 59
4 49
61 8
15 54
97 70
81 21
64 72
13 92
75 67
49 45
70 66
66 83
22 52
95 45
97 8
63 95
68 33
43 28
8 24
48 4
95 95
92 58
66 71
15 7
37 64
18 73
96 84
56 85
1 16
29 98
24 92
92 92
92 1
87 100
25 0
70 19
96 61
43 27
98 25
0 34
55 19
6 51
69 28
35 71
44 64
68 69
21 26
60 12
27 12
78 18
13 13
4 75
40 47
1 37
38 69
71 94
88 44
10 56
72 45
93 16
75 61
51 62
53 10
41 46
90 18
64 69
99 68
43 38
82 10
76 86
79 46
79 32
90 55
55 28
66 47
44 6
74 95
69 26
71 9
38 26
94 2
95 92
36 3
30 17
14 72
70 59
17 14
58 74
70 79
68 35
25 78
42 66
38 77
58 75
86 97
1 45
99 62
3 0
66 100
85 46
71 54
71 54
68 28
94 37
73 61
39 65
4 47
30 42
23 88
17 8
50 85
19 48
46 89
15 78
88 100
23 58
53 95
79 87
89 38
24 62
100 29
26 70
76 22
12 99
9 96
73 60
80 92
74 92
81 55
70 34
54 93
59 73
53 37
60 8
75 50
36 40
79 28
10 54
50 89
52 25
84 91
51 29
48 92
20 95
46 90
29 67
49 88
39 1
91 65
76 31
14 11
38 93
5 48
12 55
2 30
47 52
20 98
81 69
89 0
63 1
91 58
68 5
45 73
6 1
38 49
33 52
60 71
11 66
85 23
87 87
20 33
4 40
98 85
75 52
85 4
53 41
62 87
46 7
26 19
75 64
68 7
82 94
44 93
25 28
83 79
81 2
