102
124
17
190
110
107
128
39
73
171
158
138
73
137
151
153
127
85
77
134
132
130
79
92
108
146
132
81
139
133
117
106
126
87
98
86
57
51
82
88
104
84
80
37
114
72
153
73
101
111
11
58
110
105
51
111
56
154
24
53
58
101
101
53
99
64
159
79
131
123
107
100
92
131
7
87
141
143
128
6
91
102
59
115
61
102
136
28
119
144
74
126
50
52
129
33
129
135
80
108
119
73
109
114
92
52
85
77
143
109
154
56
43
135
70
96
117
176
170
117
144
125
44
95
96
91
45
129
135
178
68
125
142
40
152
104
92
89
62
20
18
71
189
118
93
92
100
77
80
84
5
58
48
98
129
99
129
76
135
71
19
87
143
59
180
120
96
115
56
154
164
129
54
107
97
48
172
102
62
68
136
58
62
140
49
167
110
69
166
117
118
77
97
35
70
99
156
169
94
34
99
156
94
69
133
86
117
71
140
173
175
115
161
77
21
96
111
127
175
28
83
155
109
78
96
57
87
96
85
65
83
93
144
96
81
156
104
95
134
60
55
63
86
87
165
109
78
38
119
72
90
129
136
73
60
164
48
89
83
35
127
160
178
125
63
94
156
113
76
124
116
16
77
96
81
139
142
111
193
78
29
107
160
174
69
103
82
182
125
84
107
112
151
96
121
129
144
99
18
35
68
173
90
107
128
153
144
146
49
101
147
51
129
91
20
101
131
171
123
134
99
48
12
101
67
62
195
169
95
102
119
69
106
102
148
110
84
119
49
89
118
94
62
65
155
70
67
87
76
133
87
66
63
64
102
26
102
95
116
85
127
74
92
132
81
156
104
71
105
113
121
157
194
84
44
41
155
63
75
79
125
90
87
128
95
129
45
137
169
76
87
148
131
86
71
128
132
20
42
41
155
152
86
101
105
97
92
165
121
93
147
84
135
61
18
113
136
171
82
39
112
144
182
91
156
91
169
145
111
112
105
68
154
60
73
155
136
86
103
48
125
126
45
26
108
119
94
153
55
81
110
113
130
59
74
157
45
123
83
147
119
69
115
93
164
63
6
151
106
168
84
75
102
119
145
176
127
108
162
110
139
164
80
78
156
29
133
100
67
120
182
72
69
47
78
86
26
58
94
156
147
120
21
114
103
164
91
89
113
88
56
37
121
53
98
162
160
155
99
66
132
82
97
181
139
132
107
76
98
40
104
103
115
108
57
46
102
178
133
172
57
64
105
157
135
128
95
99
86
55
113
99
28
110
64
96
82
50
132
153
100
135
108
137
139
103
125
96
75
112
117
126
132
83
114
25
46
107
58
47
133
44
116
42
42
127
127
157
94
19
108
51
104
108
33
123
135
122
105
138
49
105
49
97
100
148
161
60
55
56
187
154
78
102
103
162
102
91
126
90
103
30
170
123
157
78
90
128
170
47
167
155
107
150
98
123
76
94
143
67
61
140
73
117
128
45
5
93
42
110
82
39
82
135
182
55
78
59
92
124
140
112
100
156
80
80
60
51
117
32
51
71
79
145
106
21
169
54
138
140
106
77
103
108
78
115
126
123
49
175
98
164
162
97
92
79
87
163
115
74
142
53
108
103
106
109
37
101
87
162
99
143
61
176
106
101
138
113
60
133
158
35
110
91
99
107
124
49
118
93
72
68
112
51
128
70
122
177
106
160
84
68
114
23
106
86
143
152
66
125
118
109
65
102
151
7
196
72
22
71
144
104
143
105
90
134
55
78
92
56
142
73
103
108
139
86
68
99
77
118
64
73
160
105
130
91
123
138
108
184
90
93
191
168
128
167
35
77
121
111
75
188
63
122
70
82
172
116
100
94
66
153
130
161
75
32
171
46
44
136
137
71
91
33
101
117
84
101
162
28
97
85
146
98
63
67
83
139
90
63
98
91
113
60
83
8
115
146
90
149
109
118
86
64
61
99
172
107
78
121
155
73
90
127
60
98
55
161
70
183
116
55
34
134
128
104
116
81
94
17
80
155
129
141
35
128
67
101
144
145
87
83
23
40
70
103
70
118
170
163
11
20
38
78
88
118
34
109
29
108
104
82
100
71
87
138
122
109
147
107
140
40
89
133
62
116
82
70
127
115
140
179
110
154
105
155
116
119
107
87
122
32
99
117
109
173
115
140
102
111
51
51
90
170
152
63
56
41
29
80
87
83
66
91
47
109
98
63
26
183
86
81
105
96
146
136
91
132
106
126
156
17
125
71
111
59
130
35
127
66
71
102
118
86
53
109
42
92
104
81
113
108
110
108
74
106
173
173
138
77
167
96
143
105
81
58
123
168
143
101
11
125
146
38
120
139
134
126
87
87
82
60
145
137
133
66
142
92
52
102
144
24
38
50
147
58
115
100
109
143
71
184
63
99
103
87
138
20
93
101
73
134
176
145
134
124
59
84
79
37
114
59
100
58
49
96
116
110
128
72
106
99
134
86
129
193
112
23
30
35
5
66
26
110
129
81
142
97
60
152
138
129
127
92
134
100
91
60
74
69
83
68
163
132
13
109
58
99
123
173
117
59
103
123
54
11
41
93
111
90
72
107
69
113
97
111
86
86
88
100
165
110
157
107
93
21
27
93
168
152
154
141
165
128
133
126
103
168
104
57
102
127
174
157
123
34
169
45
67
116
165
95
143
125
169
73
93
131
16
138
94
112
79
92
129
145
81
59
99
99
30
67
103
54
83
89
61
136
56
85
101
77
32
102
152
129
171
104
91
124
47
115
11
14
143
184
93
55
95
53
122
60
142
96
154
172
164
76
66
107
88
84
82
104
61
88
138
73
145
42
86
97
96
88
128
104
83
94
127
106
54
137
140
68
109
13
156
144
149
45
58
89
103
171
147
82
101
89
193
56
133
128
145
137
170
166
97
99
137
94
75
114
58
115
23
47
72
110
180
141
60
38
58
121
137
40
54
153
121
59
35
66
81
123
119
72
134
169
147
118
102
25
44
66
43
40
97
119
79
36
103
76
117
93
132
112
101
20
80
108
77
135
120
151
94
63
92
30
81
71
100
78
83
43
84
119
132
133
105
150
167
127
116
167
78
108
184
75
48
95
69
92
98
116
106
133
109
129
147
87
62
100
145
109
160
22
149
59
171
149
107
44
71
105
65
141
18
36
80
189
81
133
90
75
100
167
69
86
48
56
15
74
168
95
54
86
24
97
43
138
128
114
77
101
156
72
117
70
19
29
79
108
99
115
109
82
119
130
193
154
152
83
101
84
118
195
160
132
38
98
96
80
140
142
138
111
51
55
80
73
116
91
133
30
167
81
141
107
134
76
143
125
112
45
82
153
149
37
63
15
28
122
122
13
76
25
107
76
94
41
138
72
103
66
41
94
111
138
76
122
138
67
95
61
64
97
128
121
8
128
101
85
169
9
138
60
76
84
137
124
113
135
120
102
106
143
115
117
149
91
55
92
78
99
52
113
141
37
66
52
134
111
121
129
85
51
137
68
84
126
154
67
83
86
143
88
97
87
57
117
101
113
110
48
111
95
43
90
66
109
110
149
127
55
50
123
139
51
113
72
104
85
129
140
80
101
177
95
118
117
155
82
71
104
63
71
142
45
28
130
131
63
112
73
74
127
127
85
38
146
29
166
104
38
94
104
131
96
91
136
58
56
102
47
95
174
41
93
182
41
31
64
112
68
129
131
163
171
59
1
144
177
144
130
98
98
149
156
121
127
90
135
143
114
53
120
87
115
96
122
11
122
113
120
99
80
136
74
150
78
35
133
125
85
88
179
91
160
109
34
158
62
94
103
156
111
111
10
122
154
136
109
62
27
78
44
107
26
107
108
109
83
28
120
88
91
170
79
30
34
65
109
49
70
97
83
96
91
58
104
81
33
58
80
118
97
125
120
73
96
32
106
109
150
72
77
114
135
121
94
94
152
128
124
59
135
164
153
103
37
121
92
123
38
173
79
88
149
134
182
91
82
156
57
102
97
108
88
115
106
90
50
113
60
35
136
122
112
85
32
62
141
49
32
52
82
87
86
62
43
119
123
64
182
135
101
175
167
32
86
102
126
64
155
123
155
109
112
42
87
71
140
58
67
70
74
152
24
143
72
75
70
102
123
41
19
128
123
164
175
107
169
145
105
36
50
102
93
136
80
55
155
123
65
98
149
85
95
74
115
141
120
85
78
92
61
20
127
91
93
96
125
157
108
184
105
154
131
101
90
97
138
98
58
54
109
158
27
50
108
24
155
101
115
91
128
153
103
162
137
145
97
76
113
160
124
96
161
161
65
42
172
88
109
33
97
54
112
117
87
109
57
52
33
122
95
88
89
37
159
74
182
46
90
116
37
85
94
110
80
159
160
38
189
111
147
99
111
85
7
42
157
138
28
143
43
82
79
149
162
145
73
100
21
49
150
107
116
120
56
85
95
67
51
72
38
119
158
128
101
141
100
121
89
58
68
110
108
34
89
171
20
103
140
55
105
22
40
53
82
106
52
146
156
82
17
102
142
79
66
19
61
42
118
62
70
47
114
79
138
143
113
56
113
66
168
83
60
28
151
40
89
141
112
34
179
101
86
110
123
76
94
50
47
95
100
49
122
21
106
80
130
107
136
78
92
146
111
104
105
188
166
124
89
50
64
77
143
107
167
166
37
109
138
37
142
111
125
124
144
6
69
100
98
119
89
121
126
106
38
137
65
118
79
68
182
62
122
25
99
82
26
146
63
80
92
182
62
77
72
96
184
68
17
90
69
103
40
113
64
172
107
44
116
74
65
40
92
153
100
93
111
164
109
121
167
129
175
72
160
109
13
138
20
82
129
123
134
124
160
116
99
162
148
26
110
130
82
129
122
124
82
121
129
56
85
76
80
156
68
167
84
34
26
101
104
62
68
133
92
83
25
93
96
31
95
8
124
109
70
96
134
23
104
97
110
105
140
139
110
131
131
81
47
102
31
123
119
98
101
50
74
144
151
147
117
129
149
134
164
45
131
57
12
172
116
88
108
168
80
115
54
76
85
97
44
108
108
157
119
64
80
88
84
143
32
124
32
156
110
129
92
94
135
117
109
153
32
74
127
110
106
76
99
119
148
127
83
69
104
67
30
33
124
144
57
72
52
166
179
91
95
95
103
92
81
118
110
74
90
148
170
74
68
103
86
103
110
158
128
84
41
85
16
49
74
119
83
163
130
162
91
96
128
10
68
94
93
24
69
81
137
85
90
68
111
101
25
33
114
173
137
156
77
71
52
122
49
40
51
58
102
96
52
144
72
113
115
35
181
69
21
53
96
43
166
143
124
126
65
106
84
144
53
87
117
164
46
108
40
122
116
70
66
45
98
100
70
111
18
86
52
71
97
140
27
108
56
80
106
84
143
149
57
166
155
109
66
104
23
132
137
125
183
46
130
122
113
116
60
111
97
120
65
124
66
104
58
127
133
92
135
65
49
116
58
122
180
183
130
165
125
130
97
53
126
89
57
140
132
180
147
143
106
102
61
62
67
99
78
91
163
130
64
89
88
82
167
58
148
140
93
159
159
88
107
106
156
85
101
78
39
122
48
109
174
68
151
55
80
178
52
154
116
124
76
103
126
119
104
134
177
106
125
132
136
89
124
93
146
120
82
68
80
145
79
23
177
44
122
137
84
41
98
145
115
28
87
101
114
48
54
113
32
129
134
74
188
157
47
25
30
55
81
82
132
87
32
80
22
82
138
138
103
40
161
109
118
173
50
59
115
132
111
110
118
20
79
76
51
129
148
65
31
129
21
60
165
182
100
73
79
69
84
137
127
110
133
69
110
109
83
99
91
122
33
73
120
68
152
103
101
82
86
61
47
58
104
77
135
151
158
147
30
80
50
58
94
83
56
108
45
32
156
41
107
91
79
73
49
123
35
84
118
175
143
76
46
102
50
91
134
17
84
20
110
65
155
38
149
145
160
145
61
105
123
65
143
66
39
58
61
58
72
87
174
41
84
136
65
189
102
107
135
136
160
121
148
34
74
138
151
146
98
45
86
114
84
62
91
124
55
35
123
54
190
110
69
105
100
93
47
138
125
81
163
64
81
19
32
167
96
57
95
96
110
45
93
120
83
30
36
61
57
154
153
143
193
145
94
114
128
126
109
136
111
169
125
63
75
69
133
107
110
76
123
39
148
135
110
79
99
99
108
103
75
108
115
163
97
59
60
66
163
28
101
56
153
54
81
109
59
129
130
63
96
76
120
129
108
119
95
72
95
38
81
99
162
80
16
114
30
134
165
163
116
111
53
123
109
90
140
96
148
123
117
176
24
128
169
92
68
59
84
68
141
115
78
77
84
88
67
46
138
145
163
155
71
51
160
12
76
76
34
43
84
85
93
108
137
100
54
63
66
77
132
90
149
93
16
67
132
150
148
186
75
83
105
119
90
127
84
161
12
81
119
128
98
106
33
95
142
68
20
13
12
64
121
94
108
59
87
75
130
96
138
69
33
189
155
163
105
61
149
122
95
113
134
132
101
124
117
80
95
33
133
148
53
93
163
88
27
72
21
121
63
91
102
94
137
177
21
70
131
109
144
83
63
95
122
138
23
96
98
85
48
67
83
77
100
105
114
112
173
126
87
145
91
135
162
121
147
179
92
6
105
133
97
160
116
96
115
144
112
126
164
46
33
103
111
114
53
99
89
85
108
104
51
25
57
135
62
26
138
18
105
128
43
73
150
135
70
179
119
118
18
94
98
74
149
81
91
143
100
65
173
105
37
31
83
28
166
80
141
30
147
174
51
69
96
65
133
9
116
123
121
99
172
147
167
132
86
47
85
121
15
13
20
49
163
135
88
99
43
36
120
121
172
109
50
135
79
79
70
102
100
147
167
112
90
118
147
114
139
38
115
85
86
93
125
121
61
109
110
102
133
108
22
95
142
114
70
116
95
110
168
41
129
121
69
103
40
80
130
124
38
91
101
164
47
147
102
142
71
133
150
74
43
118
94
175
42
140
38
172
139
31
104
68
34
147
68
173
141
83
129
98
157
146
137
77
31
148
81
108
82
64
73
162
56
45
135
153
179
82
112
87
167
77
82
128
71
146
159
156
150
29
108
173
145
64
111
165
118
123
125
128
72
71
112
75
57
144
83
115
33
150
161
120
187
42
158
138
76
57
31
46
67
118
136
77
142
77
171
179
139
133
89
124
143
151
146
161
117
63
107
84
131
113
124
155
177
90
88
94
128
34
105
152
170
36
84
87
113
113
124
165
152
163
100
32
98
99
126
121
62
135
109
160
154
56
3
175
72
58
90
65
89
88
113
74
130
85
128
57
48
89
133
104
96
143
84
139
102
152
133
53
132
65
14
139
101
180
122
103
77
169
117
133
166
132
108
126
123
96
11
99
160
77
94
96
124
97
69
159
80
96
74
91
112
64
187
101
141
57
123
103
116
86
62
116
65
194
132
133
137
164
160
133
40
166
40
74
32
138
68
68
97
104
10
136
66
100
94
56
121
129
86
116
128
80
38
94
108
161
66
97
159
123
129
152
30
109
46
100
76
169
127
114
57
85
135
20
145
76
18
120
105
97
185
124
75
72
153
100
25
133
31
17
94
147
120
60
127
40
152
136
155
193
159
150
41
109
98
47
17
102
159
127
117
94
96
25
102
55
142
75
150
155
142
36
161
27
98
35
85
114
124
131
88
151
123
112
74
118
99
105
158
110
119
68
6
117
52
122
131
103
62
89
112
116
126
68
119
138
55
106
86
92
168
77
117
48
127
149
142
114
185
83
91
105
124
74
97
12
43
59
102
106
178
130
117
119
158
34
119
60
113
152
97
72
85
66
71
78
124
99
151
38
49
86
109
8
111
130
88
114
64
91
117
81
141
180
129
129
22
145
127
51
111
78
80
103
35
78
25
57
72
55
153
77
64
71
106
26
69
147
127
92
73
146
94
64
138
64
135
62
94
88
89
82
151
37
110
71
131
147
118
88
162
43
125
59
139
51
125
82
59
117
148
118
36
33
73
142
173
60
56
47
130
52
29
94
50
123
96
175
68
86
161
139
77
129
82
159
139
98
142
154
101
88
80
27
136
154
173
60
90
181
128
82
147
131
70
179
25
31
128
188
171
156
64
56
34
92
106
93
52
72
74
57
81
103
146
135
96
56
71
79
79
67
143
69
83
115
90
154
93
111
78
119
134
99
85
144
113
149
102
13
90
106
134
47
116
129
135
133
122
106
106
103
90
103
33
41
112
101
73
135
37
45
110
104
39
170
89
128
122
104
114
42
158
101
54
149
131
61
138
137
141
88
109
41
79
83
87
49
133
140
84
111
116
153
35
95
91
104
165
129
121
67
136
84
166
87
111
60
135
43
32
145
86
156
91
125
129
84
106
130
90
117
147
91
88
117
172
143
107
173
115
108
154
172
23
61
117
78
154
8
69
161
151
129
98
86
95
20
82
139
92
118
108
137
97
34
34
105
61
72
132
70
150
39
115
102
74
114
81
76
193
177
103
75
78
155
104
137
113
115
119
167
102
107
60
126
126
144
12
124
30
101
134
84
177
106
149
120
150
64
41
126
55
94
86
59
160
81
94
137
96
164
46
127
140
136
145
147
164
67
54
97
83
104
141
111
149
78
154
53
59
174
117
102
91
59
59
57
132
150
134
106
31
74
19
110
49
80
134
143
183
66
122
182
185
88
157
166
144
37
133
73
61
79
134
116
122
89
71
60
66
138
74
42
107
112
60
119
69
47
50
118
110
112
75
101
86
62
106
41
84
16
68
196
31
39
104
85
128
93
67
77
97
76
143
114
101
134
130
72
69
142
133
84
121
95
136
105
110
169
164
177
110
99
35
98
114
109
63
104
135
137
136
68
55
162
149
116
178
95
151
117
63
73
118
74
76
120
84
89
156
157
52
161
185
140
147
96
81
33
80
114
49
98
153
137
102
111
164
114
90
114
42
144
79
85
182
146
130
128
129
156
90
82
100
133
147
90
55
109
141
124
56
117
76
99
107
66
83
82
107
172
160
74
126
147
41
118
103
47
76
81
98
45
92
28
140
84
57
111
106
113
92
143
129
139
102
86
98
180
157
86
105
92
127
178
59
77
119
43
109
84
133
143
99
83
163
182
70
61
74
127
27
81
156
24
104
106
177
29
69
161
114
162
113
45
95
118
107
100
122
24
98
161
78
46
102
108
112
63
91
42
113
106
90
148
162
136
100
97
84
88
48
98
64
16
170
106
117
100
81
82
150
66
78
25
139
11
176
180
137
25
53
86
72
141
165
160
71
162
54
76
101
178
62
181
151
137
100
70
105
123
132
80
39
151
161
151
113
101
48
39
184
32
95
52
145
66
155
111
118
51
52
171
94
37
83
105
82
46
37
74
172
124
50
50
126
78
136
142
118
137
121
133
110
78
143
63
158
171
119
106
55
53
98
85
71
115
129
126
126
52
120
146
133
47
135
160
36
79
105
47
17
65
109
17
193
99
117
19
158
31
86
114
168
121
190
79
129
52
167
102
137
135
110
66
120
192
52
93
95
157
113
56
146
76
109
101
110
96
189
16
124
77
44
126
47
89
116
65
50
70
151
101
104
144
88
163
100
118
174
115
91
78
45
65
149
51
137
89
181
29
91
112
64
132
106
56
81
101
76
120
100
122
54
142
142
68
30
86
107
163
61
107
85
101
105
83
190
40
147
77
119
184
21
108
152
39
54
87
86
98
174
128
83
104
149
115
124
115
132
41
23
127
160
83
66
135
95
165
129
106
48
108
84
84
74
96
3
177
100
73
138
68
67
109
168
137
99
86
64
130
93
171
112
58
135
75
69
137
107
65
56
54
78
137
109
114
123
29
59
111
15
31
126
154
178
139
17
54
98
36
124
139
165
113
87
150
106
152
113
95
54
88
91
100
65
126
118
99
98
36
131
118
130
100
106
165
127
99
93
138
100
145
93
130
85
105
150
152
124
20
109
56
101
85
84
149
83
165
66
130
92
132
89
119
97
108
189
7
150
114
113
82
120
104
73
169
33
70
80
133
92
81
68
33
146
85
174
120
112
75
88
115
6
108
73
128
79
77
62
98
122
98
148
85
71
143
169
146
142
160
93
143
161
118
94
63
130
108
144
68
116
140
133
123
171
152
66
134
112
82
64
119
171
68
116
161
113
47
149
152
83
80
129
42
28
79
100
118
56
82
20
36
173
111
87
173
61
118
97
64
47
150
139
117
117
32
173
69
151
131
105
106
87
157
81
107
60
141
86
25
154
141
124
100
88
110
133
124
35
67
97
144
94
21
139
83
102
148
29
63
143
176
52
59
111
137
166
29
27
73
95
189
143
85
114
88
155
131
58
128
13
142
109
72
53
134
64
143
155
75
41
157
123
102
108
149
124
31
58
67
112
90
154
45
159
108
149
127
82
153
121
41
89
76
176
124
176
27
111
102
160
65
106
78
51
108
28
83
86
96
100
81
96
69
146
39
113
78
96
170
118
119
123
95
58
103
141
64
55
75
69
71
151
164
70
127
6
165
77
71
147
124
55
121
153
111
74
101
96
104
28
50
172
97
37
80
141
68
157
104
116
130
163
45
93
88
143
55
118
59
151
36
108
151
125
70
67
95
129
153
20
141
143
142
111
113
70
49
152
72
119
49
40
113
116
88
103
64
189
69
69
93
128
115
107
121
163
108
112
137
83
95
184
129
162
36
110
34
101
13
101
96
102
98
22
138
90
156
56
178
112
113
72
55
60
180
68
157
77
47
119
104
83
47
74
89
101
105
80
42
161
168
61
97
75
136
94
68
96
150
137
52
71
40
81
23
103
169
12
99
140
113
37
76
60
100
161
131
107
115
119
94
94
149
91
58
146
196
84
114
60
106
98
152
72
56
69
75
109
33
134
61
60
127
58
54
152
139
60
17
120
54
88
149
84
128
138
96
75
107
60
16
119
93
110
144
49
117
60
98
45
162
112
145
145
119
77
14
89
74
151
24
148
101
105
186
57
96
134
189
91
80
73
62
102
23
120
150
121
107
83
139
67
140
73
144
65
131
152
131
27
103
134
112
102
43
40
88
48
142
53
150
73
122
37
74
104
110
129
191
105
180
80
84
93
47
142
165
75
70
103
75
120
144
104
108
31
51
119
72
59
123
115
80
105
100
91
114
23
89
22
68
82
98
87
43
156
145
118
124
71
129
162
172
98
79
91
105
64
72
106
62
145
95
28
49
140
160
119
52
91
67
108
51
106
87
102
104
154
175
149
78
33
55
169
65
68
71
101
112
111
50
13
124
152
80
87
153
95
69
112
52
63
53
144
36
29
98
106
109
51
89
111
123
47
100
124
172
73
83
121
68
104
92
87
65
119
41
93
33
122
165
85
97
22
141
130
126
73
9
182
96
127
95
134
91
95
165
155
137
106
52
184
34
160
80
117
39
45
93
94
98
69
67
88
65
112
60
59
150
104
58
36
128
95
90
102
42
115
160
79
60
38
118
81
149
93
137
168
41
83
150
152
87
134
100
102
102
113
37
83
144
157
70
142
118
175
73
56
123
71
136
80
146
122
151
133
78
105
44
57
101
93
122
31
105
64
40
144
35
101
168
112
87
92
161
57
46
167
30
144
66
40
117
125
114
71
21
92
97
38
99
51
43
76
81
141
26
152
97
27
98
91
79
128
131
64
59
172
99
75
100
125
163
101
151
136
159
33
106
77
126
165
89
52
48
166
141
173
98
128
33
61
86
60
53
126
77
196
57
153
72
152
140
114
94
15
135
50
138
144
79
101
157
122
140
151
57
191
56
98
77
43
22
64
102
16
73
103
111
109
129
127
127
114
152
167
124
138
69
105
72
83
103
76
73
61
109
120
136
117
110
113
57
78
117
28
69
101
95
117
92
170
29
68
121
117
99
62
112
47
55
182
17
129
89
114
53
181
103
47
64
154
158
117
21
61
104
99
89
101
137
57
162
70
16
120
11
41
188
136
87
116
70
113
106
69
25
95
164
81
114
59
39
127
124
200
90
67
126
117
124
36
178
66
96
17
48
99
175
11
85
74
89
132
119
44
98
90
10
46
102
46
105
69
102
76
21
159
122
58
137
79
81
108
124
97
117
108
121
101
122
107
91
87
53
150
78
20
62
84
82
108
190
119
56
131
128
120
100
27
149
106
137
185
20
115
80
99
36
111
69
169
77
180
193
62
115
65
26
81
48
148
117
129
96
78
114
126
133
100
43
131
61
142
8
134
82
49
159
84
84
118
105
86
147
128
113
147
151
93
107
114
139
119
107
183
128
187
141
102
55
40
50
72
105
159
190
99
65
55
18
127
101
111
49
92
106
70
85
55
174
168
115
156
82
50
180
112
55
119
67
74
43
161
85
83
126
119
115
86
116
95
147
139
61
72
168
132
21
137
72
96
170
70
187
112
57
160
45
138
88
99
87
97
156
113
84
124
54
101
115
106
17
108
62
135
86
70
98
78
131
179
98
133
128
158
111
147
128
91
96
105
57
118
38
106
84
116
152
133
114
119
151
51
82
100
65
23
178
9
35
185
132
66
146
127
186
47
109
79
72
168
115
159
132
140
82
84
121
60
113
89
130
100
167
93
55
73
83
128
98
78
88
24
112
104
103
156
59
68
97
130
153
54
100
47
180
42
188
72
82
55
100
114
29
117
141
78
115
127
78
143
29
122
48
182
33
79
79
57
106
133
119
36
140
78
67
139
103
80
117
80
129
48
83
114
112
133
89
96
97
145
126
94
107
113
132
106
116
65
57
120
56
99
54
37
133
48
62
121
79
123
124
102
114
70
77
174
142
76
63
145
127
154
98
88
104
119
105
100
119
121
125
27
163
58
83
87
60
130
112
101
92
8
72
113
143
85
160
164
82
79
90
104
104
108
115
62
161
102
43
123
114
49
119
93
33
197
103
172
166
120
188
119
50
44
100
111
72
118
139
89
81
93
84
88
42
161
156
39
65
30
149
178
68
144
137
43
82
100
64
181
128
99
85
54
88
78
92
124
82
97
97
136
74
44
188
110
97
131
146
95
101
137
162
83
158
160
51
32
60
128
66
129
77
109
142
55
144
100
82
44
128
91
164
68
134
103
165
27
88
62
39
70
73
117
151
92
163
55
38
148
51
69
80
54
31
63
166
16
101
158
92
128
63
44
105
71
73
68
101
53
138
67
114
139
81
132
143
160
107
72
127
99
115
152
89
147
119
94
97
78
94
184
33
108
109
118
20
134
84
48
188
165
40
135
56
79
87
186
33
127
69
110
60
123
126
81
98
116
101
106
163
106
111
135
81
118
104
105
68
139
98
171
129
99
136
52
121
77
182
175
36
76
84
170
75
9
125
66
99
82
101
196
124
16
81
97
147
123
53
80
64
132
101
74
94
131
155
80
196
47
51
58
117
25
37
130
92
89
57
125
84
77
79
48
119
115
73
132
153
57
161
91
145
78
141
85
23
94
117
142
105
170
95
65
89
69
106
167
71
118
11
67
162
137
68
44
168
82
44
107
67
148
67
122
123
147
105
67
106
109
80
113
30
107
140
74
121
145
100
157
136
53
82
71
55
60
65
147
64
103
64
75
164
103
83
149
129
89
155
163
38
76
93
131
108
127
76
121
119
100
82
117
81
84
29
8
168
35
73
82
131
83
108
43
161
24
88
151
76
1
45
3
127
71
70
146
126
139
98
124
55
98
119
111
45
98
88
102
141
113
90
109
52
113
127
106
114
90
149
158
110
150
190
77
122
138
113
23
24
79
102
98
85
78
85
159
56
124
91
139
89
88
119
65
112
160
161
26
108
110
71
84
107
136
106
7
147
163
138
140
103
60
52
40
155
150
116
151
106
119
125
105
53
35
92
105
105
55
183
149
144
95
28
113
96
145
56
126
181
132
168
164
66
27
112
116
71
78
54
66
21
103
22
51
188
105
84
124
52
162
159
84
153
94
119
156
68
49
51
126
117
90
30
48
63
79
86
183
90
110
67
182
154
91
29
73
79
45
109
126
102
57
99
57
146
95
130
113
105
119
17
113
121
5
185
64
66
71
92
118
128
82
87
104
96
58
79
75
161
92
143
127
110
72
91
36
169
139
111
146
63
186
140
140
140
75
52
123
132
61
118
38
81
139
118
97
52
156
140
89
124
94
97
36
110
48
95
110
164
65
132
128
141
74
177
125
125
74
167
48
41
101
116
176
159
125
100
106
100
87
142
105
61
119
124
67
129
132
111
88
79
157
96
119
40
67
47
44
83
167
95
69
133
167
105
77
98
61
95
119
117
115
122
138
54
144
103
138
77
43
123
165
52
145
104
79
180
116
85
105
89
119
127
91
93
118
119
168
105
15
139
94
54
117
61
109
68
39
117
29
63
57
161
153
66
72
28
20
41
53
157
119
157
50
53
80
92
64
126
50
82
94
121
161
115
130
142
128
71
101
23
39
116
133
118
131
138
77
69
152
81
189
127
84
158
155
132
161
63
87
108
147
106
101
91
126
29
60
92
85
94
128
167
106
113
40
108
130
74
88
113
69
90
131
171
129
120
123
108
146
118
39
138
139
63
76
137
83
105
105
58
105
121
61
120
81
91
96
121
71
124
57
157
83
83
68
152
51
65
32
118
55
98
101
49
33
51
131
129
67
66
151
5
88
115
155
131
106
160
145
76
79
100
101
122
103
101
102
88
108
6
32
170
131
142
101
84
10
87
75
76
160
96
148
150
118
116
93
86
112
29
111
90
129
97
84
80
48
138
92
48
143
57
81
57
136
68
133
65
134
64
68
126
152
9
14
50
121
91
82
57
98
61
48
58
88
63
164
69
82
55
70
153
144
90
20
142
137
14
62
63
92
104
147
68
118
125
161
75
84
61
76
20
38
61
40
115
183
154
90
156
177
92
155
140
96
106
68
81
129
37
31
168
69
39
107
165
72
85
20
128
190
86
25
28
108
88
117
151
73
110
49
130
94
113
104
131
105
81
83
183
40
61
124
108
66
43
157
67
186
64
51
44
177
118
33
81
68
163
153
122
154
165
102
25
109
106
49
12
107
82
95
112
37
155
111
71
138
71
63
56
50
129
42
56
103
88
66
27
107
123
155
145
126
96
110
92
112
193
93
170
152
126
56
118
64
43
131
176
136
75
86
37
51
118
77
105
108
144
115
192
133
29
54
84
106
32
91
88
32
151
156
70
85
161
106
110
17
33
109
126
40
105
61
105
197
101
144
14
49
159
125
125
73
79
174
94
62
110
23
81
102
102
84
70
157
119
129
122
32
148
105
50
173
121
107
146
14
85
63
129
14
99
122
76
119
91
131
89
134
96
42
146
87
86
150
135
126
105
85
33
69
92
98
100
156
169
100
52
108
103
118
118
102
123
102
121
113
68
125
105
127
141
150
179
163
145
151
120
150
103
63
154
101
116
153
102
90
170
100
162
27
105
65
61
65
64
85
68
36
142
136
98
151
130
81
142
95
117
102
74
141
59
155
43
43
146
127
136
77
91
89
164
76
109
89
176
19
119
162
98
145
148
119
45
81
50
132
51
192
115
108
174
90
100
85
119
5
98
81
118
177
63
113
113
74
46
82
74
142
86
102
120
35
28
125
110
45
71
121
125
177
108
54
27
119
20
149
59
89
64
133
78
80
134
132
160
195
62
45
176
134
116
68
64
62
68
68
104
95
78
60
65
35
133
149
143
137
28
66
25
153
154
106
98
160
57
111
104
80
126
42
141
93
148
93
85
64
63
127
101
136
69
44
91
40
117
50
59
92
66
76
62
122
143
50
99
134
96
40
102
135
95
141
160
92
116
41
142
100
76
160
134
40
69
182
25
154
100
5
59
82
99
84
51
88
66
100
72
127
86
110
56
165
55
112
100
86
83
170
86
161
104
82
65
49
49
95
120
159
92
53
129
88
7
44
115
177
197
159
98
111
30
84
128
89
77
110
80
116
55
45
96
186
76
118
48
155
98
125
45
145
54
25
84
153
65
140
150
17
133
32
96
90
155
84
95
121
80
114
52
136
97
110
165
171
95
76
18
148
80
106
91
88
137
68
99
139
76
141
108
70
77
157
43
100
101
62
130
61
83
53
164
110
106
79
159
46
60
61
36
25
132
95
36
126
117
134
136
83
91
152
42
81
164
3
169
36
150
93
152
138
61
79
112
2
123
150
151
99
104
148
130
103
46
63
77
97
103
35
68
48
125
88
160
89
88
99
117
95
95
57
90
43
127
139
48
119
115
148
125
67
136
129
99
113
180
130
90
93
150
145
115
70
67
101
118
170
132
171
85
55
52
131
90
57
153
102
62
94
87
122
127
88
120
86
107
100
125
132
87
84
55
71
90
113
57
113
190
107
126
10
133
56
72
135
108
130
139
45
163
104
56
34
16
51
100
105
170
87
80
65
39
115
58
70
116
71
21
116
146
45
161
142
143
137
150
73
162
97
180
140
139
66
81
28
147
69
89
136
38
84
138
141
177
118
135
49
64
63
29
104
98
47
117
149
118
40
120
120
48
49
125
86
180
67
176
148
109
159
75
45
137
82
131
117
137
127
129
81
94
113
50
107
54
50
169
122
79
25
103
20
140
131
90
108
92
17
146
100
120
129
144
159
152
63
91
23
162
130
131
101
21
164
41
65
77
82
142
140
90
77
118
109
119
62
140
71
79
92
28
14
116
57
101
115
64
69
90
26
114
159
115
78
94
80
127
160
88
133
76
78
138
21
22
69
100
187
187
5
99
100
111
134
72
120
111
88
75
74
54
98
135
66
45
99
90
136
23
131
99
78
112
156
107
82
37
180
62
91
81
84
156
70
187
74
115
26
82
178
77
147
104
118
101
103
30
152
105
96
51
74
187
90
82
87
23
70
123
123
60
37
146
41
74
72
106
57
113
91
45
16
108
60
72
120
108
123
43
67
167
75
85
60
78
56
126
58
91
28
100
96
102
24
113
61
