93
116
129
57
92
86
157
34
102
75
124
182
158
98
49
65
17
120
127
124
39
97
17
118
154
73
41
24
148
114
124
171
58
187
98
102
86
63
93
155
37
121
79
144
99
121
67
63
44
42
91
77
141
112
87
77
158
170
41
60
169
95
103
59
106
54
110
139
105
80
79
149
53
105
130
67
43
97
118
124
88
118
41
44
70
137
113
85
67
92
119
159
119
139
9
58
106
94
30
159
95
49
177
106
88
71
122
68
117
74
136
90
140
18
88
103
135
56
85
86
157
112
152
150
120
60
53
126
31
60
119
68
46
163
117
35
104
49
93
190
20
30
96
30
98
113
85
35
103
94
178
92
143
168
104
78
102
62
61
125
148
108
17
97
37
38
86
60
136
94
115
61
77
80
12
129
106
92
144
143
145
94
176
55
13
46
51
110
161
97
58
132
93
86
177
83
72
48
130
121
118
138
71
95
102
103
117
21
89
44
134
17
103
51
36
107
105
122
89
73
142
149
109
133
110
128
69
115
110
136
104
98
84
83
135
128
98
65
42
102
139
162
4
77
39
125
86
50
107
141
155
182
74
156
40
101
151
154
135
68
142
117
113
28
65
23
101
103
48
123
114
136
116
117
117
90
143
84
72
139
79
87
31
52
112
102
28
87
89
94
120
130
122
181
57
128
145
149
135
155
141
69
91
78
90
51
52
68
93
132
64
52
139
150
66
51
58
105
108
160
119
173
90
145
188
165
67
24
15
145
76
51
181
46
71
84
116
94
93
120
80
64
64
85
95
24
56
137
165
89
88
157
92
142
20
98
109
147
115
17
94
78
84
118
63
148
145
86
52
122
153
172
79
98
116
135
125
123
127
121
114
71
35
93
82
126
65
24
47
103
172
35
47
67
63
94
120
67
121
75
141
67
63
81
114
70
118
145
128
105
65
100
163
72
92
117
79
135
108
117
62
105
56
179
92
108
45
108
39
124
58
162
122
112
76
83
149
151
101
88
143
49
168
128
135
101
157
129
56
141
103
101
143
87
77
34
135
106
105
139
150
97
134
82
31
119
77
117
70
126
111
132
9
112
135
86
22
53
73
111
123
70
115
116
122
131
102
142
97
57
102
79
125
78
135
135
16
88
123
80
78
40
71
88
133
131
54
55
74
176
54
98
178
67
87
141
123
109
94
93
143
92
164
174
80
112
121
103
126
28
116
144
48
96
48
134
8
85
137
109
171
83
61
53
54
65
150
72
160
139
88
96
128
133
102
79
128
94
147
107
59
68
44
71
5
43
78
154
84
67
59
157
5
74
27
118
51
129
90
65
141
153
147
54
90
13
133
68
85
156
122
100
191
100
60
73
172
83
62
112
157
100
94
25
109
159
51
34
50
52
98
176
81
17
160
93
87
103
60
92
106
166
106
130
99
30
104
98
127
60
110
135
112
76
97
172
151
58
102
42
68
62
177
124
107
88
101
111
90
81
87
88
122
125
31
88
72
105
41
118
75
196
59
154
91
101
120
79
132
95
137
163
65
88
92
52
110
108
118
49
94
151
103
154
99
29
62
108
22
64
101
80
60
43
46
85
142
119
98
143
84
97
96
138
133
64
48
141
62
153
142
81
171
124
36
131
71
131
29
83
101
93
22
123
150
92
75
138
171
147
92
58
135
95
88
91
91
137
149
198
132
85
93
84
149
101
38
102
45
137
107
86
8
110
180
86
62
149
159
50
95
180
109
74
109
153
102
77
26
100
161
47
90
108
194
87
42
55
178
69
103
99
159
114
130
88
65
109
61
34
176
142
118
132
123
113
87
128
86
94
54
103
81
106
95
162
59
117
97
170
114
144
57
110
111
92
151
115
105
72
125
32
34
57
129
48
140
107
127
174
120
134
123
100
100
125
137
106
138
66
88
72
104
124
161
66
92
81
78
74
152
101
123
124
68
91
102
184
106
100
135
77
130
73
104
84
146
107
23
93
84
113
112
55
100
116
153
59
116
88
44
72
56
123
107
70
63
175
77
158
150
43
64
116
99
133
141
99
15
143
101
45
60
104
148
111
65
130
156
41
113
64
76
84
48
180
103
110
75
131
105
184
61
31
55
102
111
87
59
144
161
120
112
91
142
40
62
116
34
70
118
55
103
113
77
101
144
134
82
107
44
134
35
94
94
57
170
104
121
166
71
33
152
68
91
187
19
141
67
124
165
69
126
103
90
141
65
74
74
113
115
64
117
90
37
75
93
65
118
95
67
65
42
113
80
112
122
28
79
155
130
115
38
38
79
161
67
42
97
56
77
171
177
69
115
103
117
165
63
144
101
120
95
76
48
100
99
90
101
129
46
159
113
49
191
151
29
56
63
114
63
68
116
68
14
63
58
54
175
113
63
19
63
46
141
69
139
163
127
103
125
99
17
18
88
154
91
73
147
44
78
87
150
69
77
181
136
184
63
75
30
101
133
140
25
63
63
185
132
153
123
75
109
142
158
55
111
142
127
121
132
121
166
106
57
170
56
70
134
170
161
112
43
113
133
122
114
57
44
107
87
148
153
40
59
109
98
157
139
110
99
167
105
190
185
83
70
147
145
106
94
21
168
65
10
107
3
121
127
122
104
115
98
94
80
177
180
132
108
82
69
25
127
113
154
130
103
63
138
107
20
123
46
144
116
102
145
157
37
123
136
80
95
72
130
47
129
48
89
126
81
86
120
95
44
147
168
151
100
59
101
79
40
101
117
131
17
157
92
161
66
147
99
59
85
26
89
180
99
90
137
146
34
90
117
59
89
80
103
83
122
105
116
137
128
95
44
117
141
104
89
104
67
163
52
122
21
47
40
117
41
98
83
97
53
146
127
51
97
163
158
88
75
81
153
83
140
78
93
112
105
86
171
158
116
149
103
152
104
59
60
181
54
86
96
58
119
29
114
121
173
101
104
186
81
128
185
104
63
50
52
124
118
126
139
92
14
117
143
57
44
28
90
133
87
111
90
110
52
103
181
200
186
145
15
115
84
55
38
127
169
132
136
129
175
109
124
80
123
100
90
97
54
148
37
119
108
61
122
129
53
148
43
50
83
69
130
113
116
76
64
122
75
113
104
56
112
98
64
120
164
120
51
142
124
83
144
57
119
147
145
43
38
109
120
83
80
40
133
29
132
143
14
158
68
20
104
167
70
77
168
138
60
111
91
147
16
162
121
64
52
134
147
165
140
105
66
121
51
51
170
130
85
84
108
125
131
148
57
92
84
103
170
176
154
28
87
74
147
108
104
112
23
75
135
109
95
101
101
50
99
108
134
90
104
132
96
173
100
132
113
152
17
72
125
103
31
72
158
43
126
100
117
39
52
115
76
105
149
143
29
59
55
158
160
105
74
105
110
139
113
58
152
47
105
138
169
127
60
167
