131
53
126
101
176
120
119
134
121
88
70
74
134
71
80
106
69
146
139
110
117
64
103
181
71
159
178
26
93
111
100
183
107
96
104
23
166
87
118
89
100
94
145
84
116
41
43
81
116
127
46
139
70
144
56
141
145
130
118
91
107
79
87
99
102
20
41
126
81
63
101
57
135
132
65
117
85
87
87
73
77
138
83
161
130
31
57
140
141
141
124
142
84
79
114
25
76
140
90
86
88
48
105
169
56
114
64
86
83
151
148
152
103
113
122
144
80
53
42
127
95
76
95
173
91
38
163
93
147
156
68
76
155
166
49
26
64
67
28
169
58
124
61
84
86
140
103
103
177
84
91
33
112
79
138
193
152
183
131
118
103
171
171
161
38
171
120
152
103
171
109
101
76
137
13
157
75
154
64
126
87
63
30
103
110
72
100
41
121
116
131
148
129
83
77
92
35
137
68
131
110
59
106
118
178
90
102
111
136
87
67
76
67
134
48
112
98
65
104
128
80
86
20
111
90
102
176
57
87
110
85
158
125
117
171
109
93
132
90
102
37
135
78
121
113
165
150
145
75
101
103
29
67
107
34
34
9
117
124
117
133
31
167
88
68
53
95
29
40
118
110
45
86
106
166
78
34
144
83
108
49
85
74
139
83
121
106
144
61
168
70
54
153
103
161
185
103
120
81
23
77
122
110
107
112
94
150
118
77
136
29
80
120
109
55
63
107
13
47
118
126
72
24
42
108
70
95
68
81
116
173
100
62
27
134
100
89
32
59
115
85
68
101
61
43
150
120
95
127
88
100
51
125
35
57
82
133
88
85
46
157
144
108
89
58
127
164
46
92
36
164
124
167
60
57
179
132
121
124
72
52
105
141
169
165
146
20
122
111
136
119
79
100
88
75
104
123
40
158
160
146
82
72
50
116
150
98
83
61
19
128
61
130
112
108
39
141
83
156
95
152
137
139
45
87
135
19
164
95
67
110
54
93
96
102
50
168
102
105
69
145
106
97
112
142
126
117
134
150
190
186
171
93
54
49
88
91
192
61
76
79
52
182
37
146
113
63
79
152
86
54
26
100
97
118
62
41
91
29
83
151
69
143
170
46
127
61
112
69
19
148
48
25
8
30
128
186
94
10
53
117
124
131
103
109
85
68
177
103
182
107
146
104
118
68
171
149
162
127
77
118
90
93
112
183
127
65
46
110
82
99
95
77
56
52
37
94
121
126
181
89
61
111
156
35
97
19
112
146
65
134
132
96
46
115
127
65
157
126
195
146
59
80
26
70
155
92
129
169
107
167
86
86
139
17
104
88
93
132
93
175
69
97
119
104
182
158
66
108
85
101
86
83
123
128
113
92
167
111
53
76
116
99
140
83
130
145
139
125
105
74
85
63
121
68
188
172
40
15
74
101
182
117
69
79
90
88
84
91
23
41
167
77
181
117
23
89
94
89
76
169
120
107
141
139
156
106
90
60
175
90
160
66
49
116
87
23
107
175
127
75
156
169
164
81
70
66
147
116
118
86
47
110
37
31
94
78
188
93
173
17
142
104
80
115
82
101
142
82
58
109
154
135
96
122
32
108
55
161
130
65
74
74
108
127
134
51
51
126
76
79
18
81
98
74
81
138
103
104
97
142
29
117
142
127
87
91
91
146
77
182
124
147
94
101
79
155
133
87
77
158
184
36
118
62
100
84
59
81
79
177
124
96
66
95
161
73
132
117
191
142
52
10
54
30
175
122
135
118
134
109
97
102
91
142
162
169
107
157
171
125
125
106
96
158
135
154
46
126
139
115
48
111
162
181
86
174
149
169
99
37
124
65
77
105
22
114
101
124
159
124
72
154
140
130
79
106
55
70
126
148
91
119
117
186
178
119
138
168
59
150
95
139
123
114
114
128
53
61
120
111
55
42
99
169
104
129
102
113
73
104
52
157
143
75
97
190
79
42
4
135
59
139
61
84
111
119
118
101
24
120
159
172
138
147
89
151
75
108
106
34
111
111
92
87
85
137
147
146
86
160
137
54
130
78
119
49
64
56
104
106
48
63
47
110
65
71
43
146
119
175
68
98
116
88
129
107
99
68
144
144
79
42
106
128
76
127
122
143
76
122
54
78
29
63
124
113
86
91
141
148
117
59
95
175
96
73
156
67
130
123
135
54
88
144
60
110
61
113
102
91
115
146
114
119
141
162
107
94
159
54
92
127
99
107
158
97
162
106
154
82
130
134
123
28
27
131
113
70
60
145
39
87
83
73
114
95
130
76
87
132
87
133
83
42
44
125
93
116
67
10
142
55
67
53
101
101
111
85
170
168
45
29
168
78
98
148
93
141
64
146
178
51
79
79
62
60
102
144
98
68
108
32
81
91
98
110
47
60
131
73
82
30
86
84
58
145
131
30
114
121
56
84
91
62
46
144
132
76
111
65
143
99
50
82
16
106
65
109
97
74
103
170
55
15
103
99
54
150
94
32
98
149
92
50
92
130
107
59
40
92
120
86
123
42
97
57
9
123
60
122
130
145
113
96
143
60
145
100
112
80
114
167
107
90
27
152
59
90
97
122
105
32
58
47
72
75
97
142
62
103
175
77
82
103
83
83
105
69
114
65
75
70
114
141
75
63
95
46
72
86
72
41
83
72
193
80
143
104
128
97
151
149
132
153
177
22
106
56
107
83
64
96
44
127
174
138
115
168
79
114
90
167
166
81
48
67
57
150
60
37
97
124
59
54
142
56
136
124
109
137
100
68
98
58
92
91
136
98
102
97
186
173
73
120
133
140
57
155
90
79
72
170
149
100
50
25
48
88
93
170
94
122
114
173
187
185
85
98
84
13
160
136
36
195
163
51
69
73
114
17
161
90
119
75
83
170
94
48
92
56
103
75
146
86
159
92
70
162
134
57
123
90
95
77
44
72
106
118
59
109
107
134
146
166
27
161
80
99
53
60
108
111
77
97
29
52
171
113
78
60
132
55
102
51
29
85
40
185
155
119
117
119
54
135
6
104
148
80
145
103
140
111
114
62
105
117
49
107
65
102
101
108
130
28
51
147
117
104
14
97
146
139
13
64
17
83
103
64
146
105
122
87
38
101
122
104
143
25
86
134
156
20
106
89
176
80
109
135
157
131
64
109
109
25
22
164
141
136
166
29
116
102
141
68
136
105
98
103
45
66
53
146
144
72
35
113
74
173
116
42
171
150
24
173
113
70
165
58
127
114
129
111
38
14
20
70
103
157
36
95
165
148
78
134
167
99
137
94
56
94
64
99
115
57
181
98
115
70
115
63
47
106
68
90
107
100
44
135
118
74
76
40
83
116
112
77
105
74
149
97
145
57
59
45
81
107
193
46
55
139
105
91
98
14
126
167
105
124
79
107
120
116
159
119
55
46
70
101
33
79
91
94
99
127
116
37
145
113
147
116
86
125
131
157
38
122
112
58
63
88
115
114
109
94
88
154
136
128
102
62
83
68
97
37
108
139
81
113
8
76
182
169
105
82
77
44
94
121
70
183
80
133
136
148
83
39
117
79
170
92
137
71
46
52
81
26
86
120
135
131
55
113
144
58
85
88
85
184
84
46
167
58
62
139
112
45
70
138
150
190
44
54
170
57
171
117
142
53
85
32
57
61
135
139
93
50
70
29
106
56
89
112
79
133
155
92
106
138
117
23
170
144
110
41
123
124
169
141
64
110
169
60
53
114
73
9
76
44
89
132
81
190
54
95
134
67
38
74
91
193
156
35
118
114
29
49
167
124
100
71
56
133
98
118
24
117
75
177
96
97
102
67
48
19
108
79
61
125
49
146
49
85
180
116
17
132
158
84
19
52
93
125
107
144
55
94
49
129
140
33
87
174
128
48
126
40
95
103
45
122
99
37
93
174
41
121
137
105
48
77
151
23
147
44
172
57
80
16
193
171
163
95
183
96
117
137
88
110
119
124
187
58
106
69
30
30
95
91
21
105
124
137
101
9
65
107
111
80
106
148
154
160
101
55
1
59
134
135
72
119
175
187
156
134
115
60
124
81
69
145
129
94
30
128
36
174
102
128
23
82
74
39
129
52
155
32
167
109
155
131
13
33
162
173
87
156
163
89
147
119
37
182
144
131
59
119
96
87
146
39
79
92
20
97
155
165
65
92
101
103
150
164
107
100
41
149
65
60
54
151
69
32
57
107
146
149
165
138
95
52
174
21
175
123
102
101
118
103
123
65
153
26
58
117
165
86
101
73
119
134
167
122
32
57
66
87
137
132
7
44
114
107
69
88
107
72
90
154
150
42
100
31
40
162
75
151
167
103
67
87
45
77
150
88
40
146
124
73
38
75
103
67
46
68
59
119
43
104
91
124
120
35
78
71
74
196
137
78
164
162
65
192
174
32
153
93
90
147
103
149
61
152
137
79
73
121
117
43
173
86
63
196
106
86
157
117
43
115
96
45
132
71
74
70
90
103
134
105
35
113
57
109
97
113
114
93
121
158
178
73
48
118
105
51
112
132
160
101
27
79
135
151
34
47
166
110
128
58
149
72
175
25
74
121
138
73
171
58
127
47
92
36
83
117
105
122
89
109
71
95
160
79
88
65
41
73
137
116
36
149
119
49
82
68
118
127
96
72
75
98
117
46
78
103
59
87
120
85
127
52
81
88
83
93
29
71
59
131
76
82
83
79
38
136
80
142
99
137
122
137
152
163
88
77
89
165
162
107
104
95
163
10
65
140
74
103
80
65
121
28
133
114
67
124
162
87
122
115
142
71
93
104
102
138
108
63
192
66
96
95
42
145
76
148
177
131
56
106
135
45
106
48
185
54
139
134
128
108
33
17
172
143
114
84
54
121
68
190
185
95
55
100
103
117
160
76
80
89
130
106
99
41
61
117
172
64
104
40
101
40
89
54
32
128
46
110
92
77
80
96
170
109
20
78
105
79
32
61
109
159
189
133
84
96
101
45
149
109
102
20
103
97
65
66
147
60
124
144
99
136
95
136
100
110
27
105
61
165
92
65
51
170
116
114
82
113
162
185
89
127
21
45
98
142
70
25
129
95
38
22
90
164
182
111
174
85
33
110
69
51
121
58
104
192
26
161
80
32
70
96
43
102
108
71
126
80
132
92
55
74
27
129
124
167
168
134
39
119
78
122
45
81
138
144
88
105
83
122
25
132
149
103
134
33
42
114
155
62
34
114
154
70
118
143
112
33
104
113
55
81
133
151
54
110
82
43
75
171
103
100
151
106
68
158
63
121
96
116
81
138
114
130
159
46
110
141
113
13
129
138
72
86
59
151
91
69
33
193
30
118
185
99
34
143
147
153
102
119
3
134
156
99
65
80
27
135
53
106
10
83
127
108
105
156
26
69
89
104
91
82
79
129
114
119
114
115
168
170
147
147
78
187
15
119
72
156
47
82
16
118
133
103
119
37
162
102
132
137
76
85
121
64
123
129
112
67
144
77
74
91
97
106
111
174
164
134
131
51
42
23
57
98
160
161
55
33
141
77
45
70
175
126
99
55
121
95
134
177
133
57
84
103
161
140
96
80
112
37
80
17
171
176
136
162
84
53
107
56
100
172
104
129
122
58
57
65
186
95
157
19
39
140
94
145
23
88
132
108
81
186
139
130
123
176
111
16
65
60
185
152
18
134
52
135
106
36
35
134
122
